100.0,23.0,true
2016-04-21,16.0,23.5,0.2,,,WSW,30,13:56,19.1,72,,SSW,13,1022.5,22.9,58,,SW,9,1021.9
2016-04-20,18.2,29.7,0,,,ENE,30,04:45,25.6,27,,NNE,9,1015.5,25.9,41,,SW,11,1015.7
2016-04-19,12.0,30.1,0,,,N,24,10:45,21.5,41,,N,6,1016.9,28.8,25,,SW,9,1014.3
2016-04-18,7.8,25.6,0,,,W,24,14:13,19.2,34,,NE,11,1018.7,24.1,32,,WNW,9,1015.3
2016-04-17,11.9,21.6,0,,,SSE,26,10:09,15.2,49,,ESE,9,1025.7,21.2,30,,E,7,1020.6
2016-04-16,11.9,21.4,0,,,ESE,30,15:32,19.2,66,,SSE,9,1023.5,20.5,57,,SSE,13,1022.6
2016-04-15,11.9,29.1,0,,,WSW,26,16:38,22.1,36,,NE,7,1022.1,27.6,25,,WSW,11,1019.3
2016-04-14,11.6,27.0,0,,,WNW,20,14:20,17.7,59,, ,Calm,1025.3,26.0,27,,NW,9,1022.7
2016-04-13,10.4,24.1,0,,,WSW,24,14:48,17.9,59,,ENE,6,1027.8,22.7,48,,WSW,13,1024.2
2016-04-12,11.0,24.0,0,,,WSW,35,14:50,17.2,65,,S,7,1028.3,21.7,53,,SW,20,1024.7
2016-04-11,15.0,22.6,0.4,,,WSW,35,15:38,18.1,77,,SSW,9,1026.4,22.0,58,,WSW,19,1024.3
2016-04-10,13.0,22.6,0,,,SW,28,14:31,16.6,84,,ENE,2,1024.7,21.2,58,,SW,17,1023.2
2016-04-9,10.4,22.4,0,,,SW,20,14:51,15.9,76,, ,Calm,1024.8,21.5,50,,SW,9,1022.4
2016-04-8,8.7,20.5,0,,,SSW,24,13:38,13.4,66,, ,Calm,1026.1,18.9,54,,SW,11,1023.9
2016-04-7,8.8,19.9,0.2,,,WSW,22,15:03,13.9,71,, ,Calm,1027.2,18.2,49,,SW,13,1023.6
2016-04-6,13.5,20.1,4.6,,,SW,39,11:29,14.6,82,,SSW,6,1020.6,18.3,51,,SW,15,1021.7
2016-04-5,14.5,28.2,0,,,WSW,33,17:34,22.5,30,,NNE,9,1013.2,22.7,55,,SW,15,1012.1
2016-04-4,10.5,27.6,0,,,N,24,10:07,18.6,45,,NNW,2,1021.4,27.6,25,,W,9,1016.0
2016-04-3,11.6,23.3,0,,,E,26,09:23,17.4,41,,E,11,1027.9,20.6,41,,WSW,13,1024.2
2016-04-2,15.9,23.8,0,,,WSW,33,13:14,18.7,69,,S,9,1020.4,22.3,47,,WSW,19,1021.8
2016-04-1,13.9,28.7,0,,,NW,33,10:48,19.0,43,,NNE,9,1015.1,28.3,25,,NW,13,1012.1
2016-03-31,9.9,23.9,0,,,WNW,22,11:14,14.0,75,,NNE,4,1022.3,23.7,36,,NW,11,1019.3
2016-03-30,9.2,20.3,0,,,SW,24,16:05,14.1,67,,N,7,1024.5,19.4,49,,WSW,7,1023.2
2016-03-29,14.3,21.7,0,,,SSE,33,15:17,15.4,56,,SW,6,1022.7,21.2,34,,S,15,1020.7
2016-03-28,14.7,22.7,0,,,SE,30,07:02,15.4,50,,E,13,1019.9,22.0,36,,W,2,1017.9
2016-03-27,15.5,21.7,0,,,ESE,33,21:34,16.4,68,,E,6,1023.1,20.5,43,,SE,7,1020.5
2016-03-26,12.5,21.4,0,,,WSW,22,14:33,17.1,53,,SSE,6,1023.6,20.8,53,,SW,11,1022.3
2016-03-25,13.6,23.4,1.2,,,W,37,14:57,16.7,61,,SE,9,1023.9,22.2,45,,WSW,19,1021.3
2016-03-24,18.4,27.7,0,,,WNW,17,16:34,19.6,66,,E,6,1020.6,26.5,45,,SW,9,1017.9
2016-03-23,17.7,25.3,0,,,SW,33,12:56,21.1,54,,SSW,7,1017.3,22.1,62,,SW,15,1018.8
2016-03-22,11.7,30.3,0,,,N,28,12:18,19.0,53,, ,Calm,1016.7,29.2,19,,WSW,15,1014.9
2016-03-21,11.9,24.5,0,,,WSW,28,16:13,17.1,56,, ,Calm,1020.7,23.4,39,,SW,13,1017.6
2016-03-20,12.0,23.6,0,,,SW,28,13:57,16.4,55,,NNE,6,1021.3,22.3,41,,SW,15,1019.0
2016-03-19,12.3,21.7,0.4,,,SW,31,15:00,15.9,63,, ,Calm,1019.3,19.7,55,,SW,15,1018.6
2016-03-18,15.9,21.0,8.0,,,SW,57,02:14,17.1,49,,SW,20,1010.8,19.4,37,,SSW,20,1012.7
2016-03-17,23.2,35.4,0,,,W,35,15:35,28.4,44,,NE,9,1008.0,34.8,30,,NW,11,1003.6
2016-03-16,16.9,33.3,0,,,SSW,22,12:06,23.8,53,, ,Calm,1015.0,32.7,27,,WSW,13,1011.4
2016-03-15,15.5,30.2,0,,,E,24,23:26,18.6,57,,SSE,4,1018.7,28.3,35,,SSW,6,1015.7
2016-03-14,18.4,26.7,0,,,SE,26,03:43,20.3,62,,SE,11,1019.8,25.5,47,,SE,11,1017.8
2016-03-13,17.6,32.2,0,,,W,26,14:58,21.9,69,, ,Calm,1018.9,31.7,38,,WSW,15,1016.7
2016-03-12,20.1,30.8,0,,,SSE,20,15:00,22.3,75,,SW,6,1019.9,29.3,49,,ESE,7,1018.2
2016-03-11,20.3,31.4,2.4,,,WSW,28,16:10,23.9,76,, ,Calm,1016.8,29.9,51,,SW,13,1015.2
2016-03-10,21.1,29.0,20.0,,,SW,22,16:07,21.9,93,, ,Calm,1018.4,27.5,65,,WSW,9,1015.9
2016-03-9,22.4,30.3,0,,,NNW,24,23:44,24.1,75,,N,2,1015.8,29.3,47,,NNE,9,1015.3
2016-03-8,22.1,37.1,0,,,E,33,00:34,27.1,53,,SW,4,1014.2,35.8,27,,WNW,11,1012.1
2016-03-7,21.8,30.7,21.6,,,SE,33,22:34,25.4,63,,WNW,4,1016.3,27.6,55,,WSW,17,1016.8
2016-03-6,22.8,38.0,0.2,,,NNW,41,15:48,25.9,65,,WNW,6,1015.6,34.4,32,,SSW,2,1012.7
2016-03-5,18.9,38.7,0,,,SE,22,16:46,23.1,52,,WSW,2,1017.3,36.6,26,,SW,7,1014.7
2016-03-4,17.7,33.2,0,,,WSW,20,16:35,22.9,50,,E,2,1015.7,31.1,34,,SW,11,1014.1
2016-03-3,17.6,33.6,0,,,W,26,13:03,21.8,53,,SW,7,1020.0,32.2,33,,WSW,15,1016.6
2016-03-2,18.1,34.8,0,,,S,28,17:36,24.9,36,, ,Calm,1016.5,32.8,24,,SW,9,1015.5
2016-03-1,17.3,33.3,0,,,WNW,24,12:06,24.8,42,,WNW,4,1015.7,32.8,19,,WSW,9,1014.5
2016-02-29,13.8,31.4,0,,,WSW,26,13:30,19.9,59,,SW,4,1020.5,29.7,30,,SW,13,1018.0
2016-02-28,13.2,29.7,0,,,SE,31,17:20,18.7,62,,SW,4,1022.6,27.1,40,,WSW,15,1019.8
2016-02-27,13.5,25.4,0,,,WNW,31,14:29,18.2,72,, ,Calm,1023.8,24.7,49,,WSW,17,1020.9
2016-02-26,14.7,24.9,0,,,SW,37,15:57,19.8,63,,SSW,9,1022.2,24.4,46,,WSW,20,1021.4
2016-02-25,19.7,26.2,0.4,,,SW,35,16:17,20.9,73,,SW,7,1014.0,24.9,44,,WSW,15,1016.0
2016-02-24,22.6,27.7,0,,,SW,26,15:09,25.2,62,, ,Calm,1011.0,25.2,64,,SW,9,1010.1
2016-02-23,22.2,37.0,0,,,S,37,14:52,27.2,39,,S,2,1011.8,33.8,30,,SW,13,1011.5
2016-02-22,23.9,39.5,0,,,SE,31,23:46,26.2,37,,W,4,1019.1,36.7,13,,W,9,1015.8
2016-02-21,17.1,37.0,0,,,N,26,11:58,24.0,30,,ENE,11,1020.7,34.7,15,,N,7,1018.0
2016-02-20,13.9,25.9,0,,,ESE,33,16:35,17.2,44,,E,9,1023.5,24.3,28,,E,11,1021.2
2016-02-19,15.6,24.5,0,,,SSE,37,20:33,19.2,66,,S,4,1014.7,23.1,51,,SW,15,1015.4
2016-02-18,14.0,27.5,0,,,SW,31,18:01,18.6,69,,SE,2,1014.1,26.3,44,,NW,9,1011.1
2016-02-17,13.1,26.0,0,,,WSW,41,14:26,16.8,56,,SE,6,1020.7,25.5,43,,W,20,1017.0
2016-02-16,15.4,24.4,0,,,SSE,35,20:35,17.9,67,,SSE,11,1020.0,23.7,33,,SE,11,1019.3
2016-02-15,15.5,24.3,0,,,WSW,33,20:53,18.2,58,,SSW,9,1017.8,23.3,41,,WSW,15,1016.5
2016-02-14,15.6,24.8,0,,,WSW,30,15:36,19.3,65,,SW,9,1016.5,24.4,37,,SW,15,1015.6
2016-02-13,16.8,29.3,0,,,SW,28,16:28,21.7,62,,NNE,7,1012.5,26.4,39,,SW,13,1012.0
2016-02-12,15.3,33.9,0,,,SW,30,18:38,21.6,56,,SSW,6,1015.5,32.4,24,,WSW,11,1012.5
2016-02-11,15.8,32.2,0,,,E,76,10:51,21.2,55,,NNW,6,1016.4,31.3,24,,SSE,11,1013.6
2016-02-10,16.9,34.7,0,,,WSW,30,14:31,24.2,32,,SW,6,1015.2,33.4,25,,WSW,15,1012.3
2016-02-9,16.2,34.8,0,,,WSW,24,13:32,22.8,52,,SSW,7,1019.7,34.0,25,,SW,15,1016.1
2016-02-8,15.0,29.5,0,,,SE,31,21:37,20.4,61,,SE,2,1022.3,28.2,33,,ESE,9,1019.9
2016-02-7,17.9,31.3,0,,,WSW,28,16:33,22.9,59,,N,6,1017.5,30.0,41,,SW,17,1016.7
2016-02-6,16.2,33.1,0,,,SSW,31,16:20,21.9,59,, ,Calm,1015.6,30.4,40,,SW,15,1013.6
2016-02-5,13.8,29.5,0,,,ESE,30,13:44,16.4,67,, ,Calm,1019.6,27.8,36,,SE,11,1015.4
2016-02-4,15.8,24.1,0,,,S,39,14:47,17.7,58,,SSE,15,1020.9,23.5,42,,S,15,1018.5
2016-02-3,16.8,22.9,4.8,,,S,37,16:47,19.1,66,,S,11,1013.5,21.9,46,,S,13,1014.9
2016-02-2,19.3,24.8,13.2,,,E,46,07:47,23.3,61,,NNE,17,995.5,23.0,76,,S,15,998.8
2016-02-1,15.1,33.1,0,,,E,48,22:13,21.1,63,,NE,6,1007.1,31.4,20,,NW,9,1003.7
2016-01-31,14.5,25.3,0,,,WSW,33,12:18,18.6,72,,NNE,7,1006.6,23.7,45,,SW,13,1005.8
2016-01-30,13.8,24.2,18.6,,,SW,35,16:47,17.7,67,,S,9,1006.4,21.5,48,,SW,15,1005.4
2016-01-29,12.6,19.5,17.8,,,W,50,15:45,14.7,86,,SSW,6,1008.2,18.1,54,,W,15,1004.0
2016-01-28,18.3,25.9,0,,,WSW,57,13:13,20.8,60,,WSW,11,1010.1,21.1,66,,SW,20,1008.4
2016-01-27,21.5,33.1,0,,,SW,37,14:03,26.6,26,,N,6,1009.4,29.2,28,,SW,19,1008.0
2016-01-26,17.5,33.3,0,,,SW,31,15:20,23.7,39,,SW,6,1015.7,32.0,24,,WSW,13,1012.0
2016-01-25,15.5,30.0,0,,,SE,28,18:39,20.8,61,,SE,9,1016.9,30.0,29,,S,11,1014.7
2016-01-24,15.2,28.5,0,,,S,37,18:29,19.3,64,,ESE,2,1017.2,27.1,34,,SSE,11,1013.9
2016-01-23,18.7,25.9,7.6,,,W,37,15:09,21.0,61,,SSE,11,1016.1,25.0,48,,WSW,17,1015.9
2016-01-22,21.5,29.9,8.0,,,WSW,61,13:32,24.5,77,,N,9,1008.9,20.4,93,,ESE,9,1008.7
2016-01-21,23.8,36.7,0.2,,,W,26,11:48,25.9,46,,SE,6,1010.0,35.7,25,,WSW,9,1008.0
2016-01-20,24.3,34.3,0.4,,,SW,31,14:02,28.1,58,,WSW,15,1009.9,33.5,40,,WSW,17,1009.0
2016-01-19,21.7,35.9,0,,,NW,37,14:28,31.6,14,,NNE,11,1011.2,34.4,24,,NW,13,1009.8
2016-01-18,19.0,38.5,0,,,WSW,28,16:11,28.5,23,, ,Calm,1014.2,38.2,12,,W,13,1012.3
2016-01-17,15.9,36.6,0,,,WNW,28,15:40,24.7,30,,SW,6,1018.9,34.9,11,,WSW,15,1015.9
2016-01-16,15.8,30.1,0,,,E,35,04:47,19.0,42,,SE,6,1026.0,28.9,24,,WSW,17,1022.0
2016-01-15,13.5,25.7,0,,,ENE,35,11:56,16.7,38,,E,4,1031.7,25.5,19,,SE,13,1027.3
2016-01-14,17.3,23.7,0,,,SSE,41,15:09,18.1,55,,S,15,1023.0,21.1,33,,SE,17,1024.8
2016-01-13,23.2,35.1,0,,,WSW,43,17:40,29.8,30,,NE,9,1009.3,35.0,28,,W,11,1009.9
2016-01-12,22.5,39.8,0.2,,,W,24,16:10,30.2,37,,E,7,1010.9,38.2,21,,W,11,1009.2
2016-01-11,22.4,37.9,0,,,SSW,33,09:04,32.7,23,,NNE,7,1007.7,36.8,21,,W,9,1007.3
2016-01-10,19.3,37.6,0,,,NNW,28,15:26,27.4,29,, ,Calm,1015.5,34.8,14,,E,6,1013.0
2016-01-9,16.3,34.8,0,,,WSW,22,14:32,22.9,45,, ,Calm,1020.2,33.8,13,,WSW,15,1017.7
2016-01-8,13.8,31.1,0,,,WSW,26,15:58,20.0,50,,SSW,4,1023.5,30.0,25,,WSW,15,1020.2
2016-01-7,17.4,30.9,0,,,E,39,02:03,21.4,55,,S,2,1020.5,29.6,26,,S,13,1019.8
2016-01-6,17.5,29.7,0,,,SE,37,00:36,21.7,49,,SE,7,1018.5,28.8,27,,S,15,1016.9
2016-01-5,17.1,30.2,0,,,WSW,30,15:35,23.0,49,,WNW,4,1016.0,28.9,34,,SW,15,1014.5
2016-01-4,18.0,31.8,0,,,SE,33,16:50,23.5,48,,SSE,6,1016.3,30.6,27,,SE,11,1013.5
2016-01-3,15.5,29.3,0,,,W,43,16:45,21.4,60,,SSE,9,1014.5,28.3,39,,S,13,1012.3
2016-01-2,17.1,26.6,0,,,SE,35,15:23,19.9,52,,SSE,11,1016.3,25.8,34,,SE,17,1013.1
2016-01-1,21.7,35.0,0,,,WNW,31,13:34,27.4,31,,SSE,2,1014.0,34.1,24,,W,19,1012.6
2015-11-30,17.9,34.7,0,,,NNW,46,10:06,28.1,25,,NNE,19,1003.6,24.0,57,,SW,22,1004.1
2015-11-29,12.6,28.8,0,,,WSW,24,13:01,18.2,51,,SE,4,1016.8,24.5,39,,SW,13,1013.9
2015-11-28,9.8,23.6,0,,,WSW,28,11:56,17.5,46,,N,6,1019.2,22.2,34,,SW,15,1017.3
2015-11-27,8.4,21.5,0.2,,,SSW,31,15:13,16.1,45,,WSW,9,1021.3,19.1,41,,SW,13,1019.9
2015-11-26,12.3,19.5,1.0,,,WSW,48,00:15,14.9,40,,SW,19,1015.5,18.7,36,,SW,22,1017.7
2015-11-25,16.0,31.9,0,,,NNW,48,11:46,28.7,15,,N,19,1003.6,24.9,40,,SSW,17,1001.3
2015-11-24,10.6,28.9,0,,,WSW,24,13:00,17.2,57,,NNW,9,1019.4,27.4,22,,WSW,9,1015.2
2015-11-23,13.9,23.2,0,,,WSW,35,17:01,17.3,51,,SSW,9,1021.8,22.4,36,,WSW,17,1020.3
2015-11-22,10.3,20.9,0,,,SSW,41,16:14,15.9,51,,SW,6,1023.2,19.3,46,,WSW,19,1020.1
2015-11-21,,,,,,,,,,,,,,,21.5,40,,SW,22,1023.3
2015-11-20,18.4,22.7,0,,,,,,20.2,60,,SW,13,1016.9,21.7,47,,SW,19,1018.9
2015-11-19,22.4,37.4,0,,,S,43,17:13,26.3,55,,SW,11,1015.0,32.3,36,,WSW,19,1011.0
2015-11-18,17.3,40.1,0,,,SW,43,19:56,30.6,17,,NNE,13,1012.5,39.4,12,,WNW,17,1009.8
2015-11-17,14.3,35.7,0,,,WSW,31,12:39,26.4,22,,NNE,9,1013.6,35.1,14,,W,17,1011.7
2015-11-16,11.1,31.3,0,,,W,28,12:17,20.1,43,,W,2,1016.7,30.4,19,,W,9,1013.7
2015-11-15,12.1,25.0,0,,,S,28,23:12,15.5,52,,NE,6,1022.1,23.6,31,,E,11,1018.0
2015-11-14,10.6,22.1,0,,,SSW,35,11:54,16.8,51,,S,7,1022.2,20.7,52,,WSW,17,1020.2
2015-11-13,11.0,22.1,0,,,SSE,39,10:43,18.1,43,,SSE,9,1020.6,20.3,42,,SSE,17,1019.0
2015-11-12,15.4,27.5,0,,,SSW,37,15:14,22.6,46,,WNW,6,1016.1,25.5,42,,WSW,20,1015.5
2015-11-11,15.7,27.0,0,,,NNE,20,23:20,18.1,56,,ENE,2,1018.1,25.9,37,,NE,6,1015.6
2015-11-10,19.1,26.0,0.2,,,SE,46,23:01,22.6,51,,WSW,7,1016.9,24.4,47,,SSE,9,1016.5
2015-11-9,20.5,36.7,0,,,SE,50,21:59,30.6,17,,NNE,9,1016.5,36.5,18,,W,11,1013.8
2015-11-8,15.0,35.8,0,,,WSW,26,12:45,25.2,38,,NW,4,1020.3,35.0,15,,WSW,6,1018.2
2015-11-7,9.3,28.3,0.2,,,SW,24,15:43,17.3,47,, ,Calm,1020.8,28.0,26,,WSW,13,1018.6
2015-11-6,14.4,22.1,0.8,,,SSW,30,17:38,15.1,90,,WSW,13,1016.0,20.4,56,,SW,13,1015.5
2015-11-5,15.5,20.9,2.2,,,WSW,28,02:14,17.4,79,,WNW,7,1008.5,19.4,67,,SW,15,1008.9
2015-11-4,18.4,25.9,4.8,,,E,33,00:19,22.2,72,,N,13,1007.9,25.6,51,,WSW,7,1005.2
2015-11-3,15.8,28.2,0,,,W,31,18:58,18.5,54,,E,11,1013.1,26.8,33,,ENE,15,1009.3
2015-11-2,15.5,23.6,0,,,WSW,30,12:06,17.8,74,,NNW,9,1014.0,22.0,47,,WSW,13,1014.2
2015-11-1,15.5,25.2,0.4,,,WSW,28,17:11,18.5,68,, ,Calm,1010.3,24.1,21,,SW,13,1009.7
2015-10-31,15.0,28.0,0,,,SW,22,16:13,18.3,73,,NNW,7,1013.7,26.7,22,,WSW,11,1010.7
2015-10-30,16.6,28.1,0,,,WSW,24,16:36,19.5,73,,N,11,1016.1,26.1,31,,WNW,11,1014.2
2015-10-29,13.7,33.9,0,,,WSW,35,16:55,23.5,41,, ,Calm,1017.6,32.6,28,,WSW,13,1014.2
2015-10-28,14.0,28.1,0,,,SSW,26,17:01,19.0,45,, ,Calm,1019.4,26.3,28,,SW,11,1017.8
2015-10-27,10.6,25.1,0,,,ESE,33,00:06,15.6,46,,SSE,4,1024.4,24.5,34,,WSW,11,1020.3
2015-10-26,13.6,21.1,0,,,SSE,35,14:10,14.7,69,,S,15,1023.9,20.5,44,,SE,13,1023.0
2015-10-25,21.1,24.8,0,,,SW,37,14:35,22.9,48,,SW,7,1014.7,21.3,59,,WSW,15,1016.4
2015-10-24,12.5,33.1,0,,,NW,20,13:30,21.1,33,,NNE,6,1018.9,31.9,16,,NNW,7,1014.4
2015-10-23,8.9,24.3,0,,,WSW,24,16:06,14.1,47,,E,6,1023.9,23.6,33,,SW,11,1019.5
2015-10-22,12.4,19.9,0,,,E,31,07:04,13.3,56,,SE,13,1024.5,19.1,42,,SE,11,1022.5
2015-10-21,14.7,19.4,4.8,,,WSW,43,13:41,16.5,81,,SSW,13,1018.2,18.9,58,,WSW,20,1019.3
2015-10-20,22.1,24.8,0,,,W,43,18:25,23.7,51,,WNW,9,1013.1,20.4,66,,WNW,13,1012.7
2015-10-19,18.9,32.5,0,,,SW,43,14:19,26.6,21,,NE,11,1020.1,30.9,31,,WSW,19,1018.5
2015-10-18,11.8,29.6,0.2,,,ENE,31,07:50,18.9,42,,E,15,1026.6,27.8,21,,NNE,7,1023.8
2015-10-17,13.6,24.6,2.8,,,ESE,24,21:31,16.0,66,,SSE,7,1026.3,24.4,28,,E,6,1025.4
2015-10-16,17.5,21.0,1.0,,,SW,26,01:24,18.9,69,,SE,4,1021.6,20.7,61,,NNW,2,1020.8
2015-10-15,16.1,36.1,0,,,WNW,39,13:15,28.3,17,,NE,7,1015.2,35.8,10,,WNW,19,1012.6
2015-10-14,8.0,30.4,0,,,W,26,12:35,16.2,49,,NW,6,1021.7,29.3,20,,W,11,1017.6
2015-10-13,9.1,21.7,0,,,SW,28,15:53,14.6,55,,SSE,7,1025.5,20.3,43,,SW,15,1022.0
2015-10-12,12.7,19.8,0.2,,,WSW,37,13:23,15.1,55,,SSE,9,1023.4,18.8,51,,SW,17,1021.9
2015-10-11,14.2,21.1,0,,,W,28,15:40,14.8,89,,WNW,7,1021.4,20.0,57,,SSW,9,1019.4
2015-10-10,18.2,29.0,0,,,WSW,41,00:11,24.8,41,,S,7,1024.5,26.3,31,,ESE,9,1022.3
2015-10-9,15.0,34.7,0,,,WSW,24,14:44,24.5,34,, ,Calm,1026.3,33.8,18,,WNW,9,1022.9
2015-10-8,12.9,29.7,0,,,ESE,30,12:40,17.4,40,,ESE,9,1032.3,28.6,21,,NNW,11,1026.6
2015-10-7,11.5,21.1,0,,,E,39,10:15,13.1,54,,ESE,11,1035.3,20.0,24,,ESE,15,1031.9
2015-10-6,18.1,23.8,0,,,SW,44,14:19,19.9,61,,SW,11,1017.1,19.3,49,,SW,26,1022.4
2015-10-5,14.5,35.6,0,,,NNW,46,14:14,27.6,16,,NE,9,1019.4,35.1,65,,NW,22,1015.3
2015-10-4,15.4,29.7,0,,,WNW,20,12:36,18.3,44,, ,Calm,1024.0,27.4,22,,WNW,9,1022.4
2015-10-3,15.2,33.4,0,,,NW,41,14:03,27.1,12,,N,17,1026.5,32.7,4,,NW,20,1021.4
2015-10-2,8.8,31.1,0,,,W,30,12:46,22.3,32,,NE,9,1031.7,30.7,15,,WNW,11,1027.9
2015-10-1,7.8,24.4,0,,,WSW,22,12:30,19.1,35,,N,9,1028.4,23.8,23,,WSW,15,1028.6
2015-09-30,7.4,22.4,0,,,SSE,52,10:39,15.8,50,,ENE,9,1024.5,21.3,35,,WSW,11,1021.6
2015-09-29,5.0,18.0,0,,,WSW,39,14:07,12.4,44,,SSE,7,1022.3,17.5,37,,S,11,1019.9
2015-09-28,10.2,19.6,0,,,WSW,35,14:28,14.7,53,,N,7,1020.8,18.0,52,,SW,20,1018.9
2015-09-27,7.4,24.7,0,,,WSW,24,13:25,18.2,33,,NNE,4,1024.5,24.3,20,,WSW,11,1021.5
2015-09-26,7.1,22.4,0,,,WSW,28,15:03,18.1,27,,NE,7,1029.1,21.4,23,,SW,17,1025.4
2015-09-25,10.6,20.0,0,,,E,37,02:53,16.1,40,,ENE,9,1032.4,19.6,32,,E,11,1028.2
2015-09-24,7.2,16.1,0,,,E,30,16:26,11.8,50,,SSE,13,1035.8,15.3,43,,SE,11,1031.0
2015-09-23,5.8,16.2,0,,,SSE,35,17:29,11.8,43,,E,11,1038.3,15.6,39,,SSE,11,1034.7
2015-09-22,8.2,16.0,1.2,,,SSE,33,11:42,13.0,45,,SSE,13,1032.2,15.4,38,,SSE,13,1031.9
2015-09-21,9.8,16.4,1.8,,,SW,39,10:07,13.2,47,,SW,19,1024.3,15.5,50,,WSW,15,1024.6
2015-09-20,8.2,25.3,0,,,WNW,48,16:12,19.8,30,,N,11,1018.7,24.5,17,,NW,19,1014.9
2015-09-19,5.8,21.1,0,,,W,24,13:35,14.9,60,,N,7,1024.5,20.9,33,,W,9,1020.3
2015-09-18,7.2,17.2,0,,,WSW,28,13:24,11.5,71,, ,Calm,1031.7,15.9,52,,WSW,15,1027.8
2015-09-17,6.5,17.4,22.4,,,WSW,33,15:35,14.1,67,,SW,7,1027.9,17.2,55,,SW,15,1027.9
2015-09-16,7.2,19.2,0.2,,,E,31,11:14,14.3,52,,NE,9,1018.7,9.1,95,,SE,6,1018.1
2015-09-15,9.4,17.1,1.4,,,WSW,26,10:49,12.9,60,,SW,13,1020.7,15.4,45,,WSW,7,1020.0
2015-09-14,14.7,19.9,0,,,W,35,14:40,17.9,55,,NW,6,1014.8,17.2,64,,W,17,1014.9
2015-09-13,17.1,29.1,0,,,N,39,11:35,24.2,19,,NNE,13,1020.2,29.0,16,,NNE,17,1015.8
2015-09-12,15.5,27.1,0,,,NNW,28,11:43,21.5,31,,N,11,1024.4,27.0,26,,NNW,13,1021.5
2015-09-11,10.5,24.8,0,,,NNW,37,11:16,18.3,48,,N,17,1026.3,24.4,26,,NW,17,1022.9
2015-09-10,5.5,20.2,0,,,N,26,10:11,13.3,58,,NE,7,1034.1,19.6,38,,WNW,7,1029.2
2015-09-9,10.8,15.2,1.8,,,WSW,20,15:57,12.1,90,,SSW,7,1032.7,14.5,76,,WSW,15,1030.9
2015-09-8,11.5,16.5,2.8,,,WSW,33,13:04,13.4,86,,WSW,15,1027.4,15.6,68,,SW,17,1026.8
2015-09-7,9.5,15.1,1.0,,,WSW,39,11:08,12.3,48,,SW,19,1025.7,14.4,50,,WSW,17,1025.5
2015-09-6,10.9,16.8,0,,,WSW,57,12:55,15.3,56,,NNE,17,1015.3,15.4,45,,W,24,1017.2
2015-09-5,4.3,18.1,0,,,N,26,12:56,12.8,55,,NNE,6,1025.4,17.6,42,,N,11,1020.8
2015-09-4,6.5,14.1,0,,,WSW,19,14:50,11.7,64,, ,Calm,1028.8,12.9,63,,WSW,11,1026.0
2015-09-3,9.5,15.8,10.8,,,SW,35,09:46,13.9,74,,SSW,13,1020.0,15.1,67,,SSW,13,1022.1
2015-09-2,10.6,14.0,8.4,,,N,39,09:28,12.4,72,,N,19,1005.7,11.2,92,,NNE,11,1001.1
2015-09-1,9.5,20.2,0.4,,,N,39,23:24,16.6,40,,NE,11,1013.6,18.7,32,,NNE,19,1009.6
2015-08-31,4.1,19.9,0,,,W,20,14:44,14.0,42,,NE,7,1021.4,19.2,29,,NNW,7,1017.9
2015-08-30,6.8,16.9,0,,,E,26,04:06,12.7,41,,ENE,7,1026.7,16.5,39,,SW,4,1023.0
2015-08-29,4.4,14.5,0,,,E,20,10:17,11.0,66,,SE,9,1029.0,13.4,46,,ESE,7,1026.6
2015-08-28,6.2,14.0,1.4,,,S,24,16:44,12.3,68,,ESE,6,1030.0,13.1,62,,SSE,9,1027.6
2015-08-27,4.6,14.3,0.6,,,SW,26,12:13,9.1,85,,N,2,1026.4,12.0,81,,SSW,9,1025.8
2015-08-26,8.9,16.0,0,,,SW,31,14:35,11.5,65,, ,Calm,1025.6,14.3,40,,SSW,13,1023.4
2015-08-25,8.6,15.2,0,,,SE,35,09:51,11.9,50,,SSE,11,1028.9,14.5,35,,S,13,1026.1
2015-08-24,9.2,14.3,0,,,SE,48,10:25,9.9,64,,SE,17,1024.7,13.4,42,,SSE,19,1024.1
2015-08-23,6.0,17.4,0,,,ESE,44,19:03,13.5,67,,N,2,1019.8,15.5,56,,ESE,15,1017.8
2015-08-22,9.6,18.4,0.6,,,N,22,13:59,11.2,97,,N,9,1018.2,17.8,53,,WNW,13,1017.1
2015-08-21,12.7,20.8,3.0,,,N,37,12:44,14.1,78,,N,7,1012.9,19.5,48,,NW,19,1010.6
2015-08-20,12.5,22.9,0,,,NNE,50,12:53,19.0,25,,NNE,20,1016.2,20.6,31,,NNE,19,1012.8
2015-08-19,8.5,19.1,0,,,NNE,30,22:55,12.5,51,,NE,9,1022.2,16.9,51,,NE,11,1018.5
2015-08-18,8.8,14.3,0.4,,,WSW,13,17:12,11.1,60,,SSW,6,1024.5,14.1,48,,W,4,1022.7
2015-08-17,9.3,15.5,0,,,SW,31,16:14,12.1,90,,NNW,6,1024.3,14.4,55,,SW,17,1022.5
2015-08-16,6.9,15.7,0,,,WSW,20,13:48,9.6,90,,NNE,4,1029.6,14.9,58,,WSW,11,1026.0
2015-08-15,10.9,14.5,1.4,,,W,15,11:28,12.2,92,,N,7,1033.0,13.4,81,,SW,7,1031.2
2015-08-14,11.3,15.4,1.2,,,W,20,14:44,12.2,95,,N,6,1028.4,15.1,76,,WNW,9,1027.7
2015-08-13,10.5,15.7,4.0,,,W,26,13:23,11.6,97,,WNW,11,1023.6,15.1,68,,WNW,11,1023.2
2015-08-12,7.0,14.5,5.8,,,WSW,59,13:12,10.6,83,,SW,17,1010.0,13.5,64,,SW,26,1014.9
2015-08-11,7.4,16.2,2.6,,,N,50,13:28,11.4,65,,N,17,1009.5,10.1,84,,WNW,26,1004.8
2015-08-10,10.4,15.7,0,,,WNW,44,12:06,12.3,79,,WNW,17,1013.2,14.6,59,,W,19,1013.1
2015-08-9,8.8,19.2,0.2,,,NNW,44,20:05,13.4,43,,NE,9,1017.4,19.0,34,,N,17,1010.6
2015-08-8,3.3,16.7,0,,,N,28,10:34,9.3,76,,N,2,1025.6,15.7,49,,NW,11,1021.3
2015-08-7,9.3,11.4,0.6,,,WNW,17,11:28,10.0,89,,N,7,1029.4,11.0,78,,WNW,7,1027.6
2015-08-6,7.7,13.3,1.2,,,WSW,26,14:08,10.3,88,,SSW,7,1026.5,12.4,70,,SW,13,1026.1
2015-08-5,8.3,13.9,4.2,,,WSW,41,11:20,11.2,81,,SW,15,1022.0,13.2,65,,WSW,20,1021.6
2015-08-4,6.5,13.3,0.6,,,WNW,33,23:10,8.4,90,,N,7,1028.1,12.0,77,,W,9,1025.3
2015-08-3,10.1,14.0,2.6,,,WSW,41,02:51,11.2,74,,SSW,19,1025.4,11.8,69,,SW,19,1025.6
2015-08-2,8.1,14.4,7.0,,,WSW,35,16:49,10.9,80,,W,9,1020.3,13.4,69,,W,19,1020.2
2015-08-1,7.7,11.5,11.0,,,WSW,37,04:48,10.8,95,,SSW,7,1016.0,11.3,83,, ,Calm,1016.1
2015-07-31,3.3,16.1,0,,,N,28,11:48,7.7,80,,NE,4,1022.1,15.7,55,,NNW,11,1016.1
2015-07-30,9.5,14.8,0.2,,,NW,46,12:14,11.6,44,,N,19,1019.6,13.1,75,,NW,19,1018.6
2015-07-29,6.8,13.8,0,,,N,28,15:49,9.9,54,,N,11,1031.9,13.4,44,,N,13,1026.6
2015-07-28,6.9,12.5,1.8,,,NE,15,09:13,8.6,86,,N,7,1038.0,12.1,64,,SE,2,1035.1
2015-07-27,3.1,13.7,1.0,,,WSW,24,15:14,6.9,86,,NNE,4,1035.1,12.1,61,,SW,13,1034.7
2015-07-26,7.8,12.4,11.2,,,SW,46,11:38,10.5,56,,WSW,15,1022.8,11.3,54,,SW,17,1025.0
2015-07-25,9.3,15.0,1.8,,,WSW,44,21:42,10.5,91,,N,9,1017.9,14.4,70,,NNW,15,1014.7
2015-07-24,9.9,15.6,1.2,,,SW,43,21:07,11.2,86,,NNW,13,1014.3,14.5,62,,WNW,19,1013.4
2015-07-23,3.3,18.0,1.2,,,NE,28,16:53,9.9,74,,NE,2,1022.7,17.2,45,,NNE,11,1016.6
2015-07-22,8.7,16.1,3.8,,,SW,33,16:17,9.3,90,,NNE,7,1021.0,15.1,62,,WSW,13,1021.9
2015-07-21,7.8,13.7,0,,,N,50,14:37,11.3,47,,NNE,13,1020.9,13.2,46,,NNE,20,1014.7
2015-07-20,1.8,13.3,0,,,N,30,10:52,8.2,51,,NNE,9,1030.1,12.8,40,,NNW,11,1026.2
2015-07-19,2.2,12.6,0,,,N,20,13:49,7.8,61,, ,Calm,1034.1,11.5,42,,E,7,1030.8
2015-07-18,5.6,14.0,0,,,E,22,11:19,8.6,85,, ,Calm,1033.2,12.6,57,,SW,13,1031.4
2015-07-17,5.7,12.8,0,,,SW,28,13:55,9.3,79,, ,Calm,1029.7,12.0,65,,SW,11,1029.1
2015-07-16,6.9,14.3,1.4,,,S,28,16:11,10.0,69,,SW,6,1027.8,13.2,62,,S,11,1026.8
2015-07-15,5.4,13.2,6.4,,,SSE,39,13:10,8.8,81,, ,Calm,1019.7,12.8,62,,S,15,1020.1
2015-07-14,9.5,13.6,1.2,,,SW,54,15:36,11.1,90,,NW,7,1017.9,11.5,65,,SW,24,1016.0
2015-07-13,8.7,14.7,3.6,,,WSW,39,13:36,11.3,89,,SW,15,1022.7,13.8,73,,WSW,15,1020.7
2015-07-12,5.9,12.2,5.0,,,SSW,52,00:06,10.2,68,,SSW,17,1018.3,10.4,76,,SSW,13,1020.1
2015-07-11,6.3,11.8,18.6,,,SW,63,22:20,6.3,88,,SW,13,1009.3,11.7,67,,WSW,19,1009.0
2015-07-10,10.4,15.3,2.8,,,W,37,13:52,11.9,69,,N,11,1015.4,14.1,81,,NW,17,1012.9
2015-07-9,9.5,19.1,0,,,NNW,28,13:26,13.0,51,,NNE,7,1021.3,17.8,42,,WNW,13,1018.0
2015-07-8,6.9,16.6,1.4,,,N,28,13:37,9.5,95,,NNE,4,1025.2,15.6,49,,NW,9,1022.2
2015-07-7,10.8,15.1,4.8,,,W,26,11:34,12.5,94,,WNW,9,1022.2,13.2,88,,SSE,6,1021.7
2015-07-6,9.6,15.9,6.2,,,WNW,31,11:47,10.8,87,,NNE,7,1017.0,14.0,78,,WNW,11,1016.8
2015-07-5,4.9,17.3,0,,,NNW,24,14:26,11.2,67,,NE,7,1021.2,17.2,46,,NW,11,1017.8
2015-07-4,5.5,17.1,0,,,N,17,12:00,11.4,68,,NE,7,1025.0,15.5,53,,NNW,9,1022.1
2015-07-3,3.1,13.8,0,,,W,17,15:07,8.1,71,,NE,2,1029.6,12.6,59,,NW,7,1026.6
2015-07-2,8.8,16.4,0,,,W,28,13:28,10.6,86,,NE,6,1029.2,15.4,51,,WSW,9,1028.6
2015-07-1,4.7,14.5,0,,,WSW,20,14:59,8.8,78,,NE,6,1030.6,13.1,48,,WSW,13,1027.6
2015-06-30,7.2,13.8,0,,,SW,17,13:41,10.1,68,,ENE,2,1031.3,12.7,64,,SW,7,1029.5
2015-06-29,3.0,14.1,0,,,N,17,12:38,7.2,78,,NE,2,1033.8,13.6,50,,SE,2,1030.4
2015-06-28,5.4,16.2,0,,,ENE,17,12:13,9.5,77,, ,Calm,1035.4,15.9,46,,NE,6,1033.1
2015-06-27,3.8,15.5,0,,,SW,19,15:10,7.4,88,, ,Calm,1034.7,14.3,65,,WSW,11,1032.5
2015-06-26,11.1,15.7,0,,,N,24,12:40,11.6,72,,NNE,11,1034.0,15.1,50,,NW,11,1032.3
2015-06-25,8.5,14.1,0.4,,,SSW,24,10:52,11.8,71,,SW,7,1033.2,13.9,61,,SW,7,1032.4
2015-06-24,9.1,13.6,3.2,,,SSW,30,13:40,11.1,92,,SW,4,1024.2,12.1,81,,SSW,17,1025.9
2015-06-23,10.4,17.7,3.4,,,W,35,23:40,13.0,62,,NNW,11,1016.1,16.5,56,,NW,17,1015.4
2015-06-22,9.4,18.2,0.8,,,N,31,14:05,10.4,78,,ENE,7,1019.8,18.0,40,,NE,13,1013.5
2015-06-21,3.8,15.0,0.2,,,N,31,10:29,9.4,56,,NNE,11,1026.6,14.7,44,,N,15,1021.3
2015-06-20,5.3,14.0,0,,,E,19,10:22,8.6,75,, ,Calm,1029.1,13.9,42,,NE,7,1026.6
2015-06-19,5.3,15.3,0.2,,,ENE,20,11:21,9.6,95,,SSE,2,1026.8,14.1,60,,ESE,9,1025.8
2015-06-18,11.2,16.2,1.0,0.6,,SE,33,13:45,12.5,80,,SSE,9,1022.3,14.6,62,,SSE,9,1021.9
2015-06-17,9.7,16.9,0,0.4,,WSW,24,13:31,11.7,90,, ,Calm,1017.7,15.0,82,,SW,13,1016.4
2015-06-16,11.1,16.2,1.2,0.4,,SSW,15,14:57,13.2,89,, ,Calm,1017.6,15.4,78,,SW,11,1015.2
2015-06-15,13.2,15.5,1.2,2.8,,E,24,02:14,13.9,84,,SSE,2,1021.5,15.4,75,,ENE,6,1018.6
2015-06-14,12.9,18.6,0,,,ENE,20,23:18,14.1,71,, ,Calm,1023.5,16.9,76,, ,Calm,1022.0
2015-06-13,10.3,19.9,0,,,NNE,24,10:04,16.7,57,,NE,7,1026.0,19.7,50,,N,7,1022.9
2015-06-12,4.2,19.6,0,1.2,,NNE,24,11:00,12.1,67,,NE,7,1030.3,19.4,40,,NW,7,1027.0
2015-06-11,4.4,14.2,0,1.6,,ESE,22,10:55,9.5,69,,S,4,1035.7,13.8,50,,E,7,1032.3
2015-06-10,8.7,13.9,0,1.6,,E,30,10:34,10.5,68,, ,Calm,1036.7,13.0,45,,ESE,7,1035.0
2015-06-9,11.0,15.9,2.8,4.2,,SSW,30,15:27,12.5,70,,SW,9,1027.1,13.9,41,,S,11,1028.5
2015-06-8,10.7,17.8,0,,,NW,28,13:10,11.1,82,,NE,7,1022.3,17.2,69,,WNW,15,1019.9
2015-06-7,11.3,17.3,0,,,N,31,11:23,14.4,60,,NE,9,1024.4,16.8,55,,N,11,1021.8
2015-06-6,6.0,20.9,0,,,N,22,14:17,11.4,80,,NNE,2,1029.6,20.3,44,,N,13,1025.8
2015-06-5,11.7,17.4,0.2,1.4,,SW,31,00:16,13.5,75,,S,2,1025.8,17.0,64,,WSW,9,1026.2
2015-06-4,9.4,17.1,0.6,1.2,,WSW,48,13:17,11.7,67,,N,17,1017.7,16.2,57,,WSW,24,1017.4
2015-06-3,5.6,16.0,0,1.4,,NNE,24,11:43,10.4,51,,NNE,4,1024.5,15.7,43,,N,9,1021.0
2015-06-2,2.9,14.2,0,1.0,,NE,22,09:57,8.4,68,, ,Calm,1030.5,13.0,44,,WSW,9,1027.1
2015-06-1,7.9,13.8,0.2,1.8,,SW,20,13:12,10.4,76,,N,4,1028.3,12.6,45,,E,6,1027.3
2015-05-31,10.4,16.8,3.4,,,WSW,37,15:27,12.4,94,,N,6,1020.1,14.9,77,,W,15,1018.7
2015-05-30,8.7,16.2,0.4,,,WNW,30,12:50,11.8,76,,NNE,7,1024.1,13.1,93,,W,7,1021.0
2015-05-29,10.8,17.1,3.4,1.8,,WNW,19,12:48,13.4,74,,NNE,6,1024.3,15.9,55,,W,9,1023.3
2015-05-28,10.2,19.2,0,1.4,,WSW,39,16:45,13.2,85,,N,9,1019.7,18.3,62,,WNW,17,1018.2
2015-05-27,11.6,19.7,0.2,1.8,,WNW,24,12:51,15.3,69,,NE,4,1021.5,19.4,56,,NW,9,1019.2
2015-05-26,12.4,21.0,1.0,1.0,,NNE,24,11:36,17.3,52,,ENE,4,1025.6,20.7,42,,NW,7,1021.1
2015-05-25,10.0,20.7,,4.0,,NNE,24,14:21,13.6,74,, ,Calm,1029.4,20.2,43,,NW,6,1026.0
2015-05-24,5.5,17.8,,,,N,20,11:44,12.3,67,, ,Calm,1029.4,16.0,51,,NNW,6,1027.9
2015-05-23,4.6,17.9,,,,W,15,14:58,11.1,74,, ,Calm,1032.1,16.5,53,,WSW,11,1029.2
2015-05-22,6.2,16.6,0,0.8,,SSE,22,16:49,12.8,65,,SE,7,1031.7,15.2,52,,SSE,11,1031.0
2015-05-21,7.8,14.4,0,1.8,,,,,10.2,77,, ,Calm,1028.1
2015-05-20,10.8,15.6,2.8,1.4,,WSW,33,14:21,12.5,84,,SSW,9,1018.7,14.9,50,,SW,15,1019.6
2015-05-19,12.3,19.7,31.6,1.6,,NW,35,17:02,15.6,73,,NE,11,1011.2,18.6,62,,NW,15,1008.1
2015-05-18,11.1,21.5,0,4.4,,,,,19.3,44,,NNE,9,1024.3,20.2,49,,NNE,9,1019.5
2015-05-17,5.8,22.7,0,,,N,22,11:58,12.9,68,, ,Calm,1031.8,21.6,42,,NNW,7,1027.3
2015-05-16,6.0,18.3,0,,,SE,19,02:01,12.7,67,,E,7,1035.8,18.1,49,,NW,6,1031.5
2015-05-15,6.7,15.5,0.2,1.0,,SE,20,18:12,11.8,86,, ,Calm,1038.6,14.8,63,,SE,9,1036.3
2015-05-14,4.8,15.7,0,1.4,,SW,24,11:35,9.7,80,,N,7,1038.4,13.4,83,,SSW,11,1036.8
2015-05-13,6.3,14.9,2.0,1.6,,SSW,39,13:36,10.8,66,,S,7,1032.3,13.8,47,,SSW,15,1033.1
2015-05-12,13.3,16.3,3.6,1.2,,SW,48,19:11,13.9,92,,SW,11,1020.8,13.9,67,,SW,17,1021.2
2015-05-11,14.2,17.0,4.4,4.4,,SSW,37,04:14,16.3,75,,SW,13,1020.8,16.3,73,,SW,15,1020.4
2015-05-10,14.1,18.5,3.6,,,WSW,46,11:48,15.5,88,,WSW,15,1014.3,17.1,72,,WSW,22,1015.4
2015-05-9,12.3,17.9,5.8,,,WNW,39,21:11,14.2,87,,NNW,13,1019.9,17.3,57,,WNW,17,1017.1
2015-05-8,12.1,17.3,4.4,3.0,,WSW,30,18:02,13.1,91,,WSW,9,1025.4,15.6,77,,WNW,15,1022.6
2015-05-7,11.8,16.9,1.4,2.2,,WSW,39,10:18,15.1,54,,WSW,15,1025.7,15.3,58,,WSW,17,1025.8
2015-05-6,11.9,18.4,1.2,2.2,,SW,44,12:33,14.3,85,,W,13,1019.5,16.4,64,,WSW,20,1019.9
2015-05-5,11.0,16.5,2.4,4.4,,W,67,06:59,12.0,73,,W,22,1008.3,15.1,48,,WSW,22,1011.6
2015-05-4,11.9,27.6,0,6.4,,N,48,13:51,21.7,27,,NNE,13,1011.2,26.7,18,,N,15,1004.4
2015-05-3,12.1,21.7,0,,,WNW,20,14:46,15.2,78,,NNE,6,1021.2,19.0,51,,W,11,1017.9
2015-05-2,14.7,21.1,0,,,W,22,12:45,16.2,53,,NNE,9,1019.6,20.0,51,,WNW,13,1018.0
2015-05-1,8.0,22.7,0,1.8,,N,22,10:25,18.5,51,,NNE,7,1023.5,21.8,43,,NNE,4,1019.3
2015-04-30,9.0,21.9,0,1.8,,S,28,13:36,16.3,42,,ENE,9,1028.7,19.6,35,,E,11,1025.5
2015-04-29,8.5,17.7,0,1.8,,SE,30,17:36,14.5,49,,ESE,7,1031.2,15.8,39,,W,4,1028.4
2015-04-28,8.7,16.7,0,1.6,,SE,22,16:39,14.1,68,, ,Calm,1030.8,16.0,46,,ESE,9,1028.4
2015-04-27,10.6,17.6,0,5.0,,SW,35,12:38,14.6,59,,S,9,1028.3,16.2,62,,WSW,15,1027.1
2015-04-26,8.0,17.0,1.0,,,WSW,33,12:38,13.7,73,,SSW,4,1025.0,16.1,52,,SSW,11,1024.4
2015-04-25,8.5,16.4,13.0,,,SW,37,12:36,12.9,77,,WSW,9,1013.5,14.8,86,,SSW,15,1015.4
2015-04-24,13.0,16.6,1.6,1.0,,WSW,52,10:46,13.8,93,,N,13,1008.3,16.1,53,,WSW,17,1007.4
2015-04-23,10.3,20.0,0,2.2,,W,19,16:10,13.3,81,, ,Calm,1019.5,19.7,57,,WSW,9,1014.4
2015-04-22,8.1,21.2,0,2.6,,S,20,18:42,14.5,61,,ESE,2,1027.1,20.8,45,,WNW,6,1022.5
2015-04-21,9.0,18.5,0,2.8,,ENE,33,10:50,14.1,54,,ESE,7,1034.7,18.1,40,,SSE,13,1029.3
2015-04-20,6.0,16.9,0.4,3.8,,SE,31,13:04,12.3,42,,E,9,1039.2,16.2,38,,SE,15,1035.5
2015-04-19,8.1,16.6,4.8,,,SSE,39,15:23,13.5,58,,S,13,1032.8,15.1,44,,SE,17,1033.6
2015-04-18,12.7,19.2,0.2,,,WNW,37,11:34,16.2,66,,WNW,13,1018.7,18.2,74,,WNW,17,1016.7
2015-04-17,13.1,16.9,11.0,1.4,,SE,17,15:44,13.8,88,,SSW,4,1020.9,16.3,73,,ESE,6,1016.0
2015-04-16,15.2,19.0,0,2.8,,ENE,19,13:07,17.0,75,,WNW,4,1026.7,17.1,86,,ESE,2,1024.9
2015-04-15,13.9,23.6,0,2.4,,,,,19.3,76,,NW,7,1020.7
2015-04-14,15.7,29.7,0,3.2,,N,41,10:43,24.2,23,,NNE,13,1013.6,29.2,25,,NW,15,1011.3
2015-04-13,15.0,27.0,0,7.4,,N,30,16:55,21.3,40,,NNE,11,1018.9,25.2,29,,E,2,1015.8
2015-04-12,13.9,24.0,0,,,E,22,16:40,17.0,68,, ,Calm,1021.0,22.9,34,,ESE,13,1018.5
2015-04-11,8.9,25.6,0,,,NW,20,13:40,18.4,55,, ,Calm,1021.4,25.1,25,,WNW,9,1018.1
2015-04-10,8.8,21.4,0,2.0,,WNW,20,12:17,15.9,65,,NNW,6,1026.2,20.5,51,,WSW,11,1022.1
2015-04-9,8.9,18.4,0,1.6,,SSE,28,17:59,15.0,66,,NNW,6,1028.3,18.2,50,,SSE,11,1025.4
2015-04-8,9.9,19.9,0,2.2,,SE,31,17:30,15.4,61,,SW,9,1028.8,19.3,52,,SW,15,1026.2
2015-04-7,9.7,16.7,12.8,19.0,,S,41,09:44,13.6,70,,S,17,1021.6,15.7,47,,S,20,1022.7
2015-04-6,11.6,16.2,11.8,,,SSW,63,13:55,14.0,72,,SSW,20,1010.7,12.8,57,,SW,31,1011.7
2015-04-5,14.0,22.0,0,,,WSW,39,15:35,16.9,56,, ,Calm,1015.1,20.1,43,,WSW,22,1012.2
2015-04-4,9.8,24.3,0,,,SW,26,17:47,14.0,58,, ,Calm,1019.4,23.8,27,,W,15,1016.2
2015-04-3,12.1,23.0,0,,,ESE,52,01:05,13.1,46,,E,15,1024.2,22.6,24,,NE,9,1020.5
2015-04-2,13.3,21.2,0.8,4.4,,SE,39,08:32,14.6,56,,SSE,13,1024.9,20.8,32,,SE,19,1022.9
2015-04-1,17.2,30.4,0,5.2,,NNW,44,11:43,23.1,29,,NE,7,1016.1,28.2,30,,WNW,15,1014.1
