100.0,100.0,true
2016-05-15,12.4,20.1,0,4.0,8.2,NNE,24,00:51,18.2,83,5,SW,15,1019.6,19.2,66,1,WSW,13,1018.1
2016-05-14,10.2,22.1,0,3.4,6.8,NNW,52,13:05,15.8,62,0,NNE,20,1020.6,21.0,42,5,NNW,31,1016.7
2016-05-13,11.0,21.1,1.2,1.8,9.2,N,35,11:29,14.6,87,1,NNE,20,1023.6,20.5,50,0,NNW,19,1020.5
2016-05-12,15.0,18.9,1.2,1.4,0.3,W,48,01:23,16.5,89,8,WNW,24,1021.1,18.0,76,8,NW,20,1020.1
2016-05-11,13.4,19.1,0.2,6.8,1.5,WSW,56,00:22,16.3,69,7,WNW,35,1021.0,17.5,72,7,WNW,19,1019.2
2016-05-10,13.9,19.0,11.4,3.6,6.6,WSW,67,01:28,15.6,67,6,SW,35,1016.0,17.8,50,2,WSW,26,1019.2
2016-05-9,13.6,18.7,0.4,1.8,0.1,NW,87,14:18,15.4,74,7,N,41,992.4,17.5,85,7,NW,59,992.1
2016-05-8,15.2,19.9,0.6,2.8,1.1,NNE,70,01:36,18.3,80,7,NE,19,1001.5,18.4,90,7,NNW,19,998.2
2016-05-7,10.5,23.1,0,3.0,0.5,N,57,23:23,15.2,80,7,ENE,2,1013.3,20.3,57,7,NNE,20,1010.6
2016-05-6,12.0,21.7,0,5.8,8.7,W,26,11:54,17.3,63,5,NE,11,1015.8,19.7,73,5,SW,17,1013.2
2016-05-5,13.1,24.2,0,2.4,9.7,NNW,50,11:35,17.6,57,2,NNE,26,1015.7,23.7,38,3,NNW,28,1011.7
2016-05-4,13.0,18.7,5.8,3.4,5.3,WSW,48,00:10,16.2,66,6,WNW,17,1017.1,17.4,68,7,NW,24,1015.3
2016-05-3,16.6,19.5,0,5.4,1.6,WNW,70,13:29,17.0,87,7,WNW,46,1007.4,16.9,85,7,WSW,39,1008.0
2016-05-2,13.2,20.2,0.2,3.8,5.2,NW,59,23:59,17.5,55,6,NW,30,1014.3,19.2,56,7,WNW,35,1011.3
2016-05-1,13.1,18.6,0,9.2,8.0,WSW,65,06:50,15.7,57,4,WSW,39,1016.7,17.7,37,2,SW,15,1017.1
2016-04-30,13.0,26.2,0,2.2,9.7,WNW,76,21:36,18.7,61,1,NNE,19,1012.8,25.3,20,1,NNW,31,1007.1
2016-04-29,16.9,23.5,2.6,2.8,5.5,N,50,02:24,18.0,85,7,N,13,1012.7,22.8,56,3,NW,17,1010.9
2016-04-28,16.5,25.0,0.2,5.4,4.8,NNW,41,23:49,17.4,85,7,SW,9,1018.0,21.0,71,6,SW,13,1012.5
2016-04-27,19.8,26.8,0,10.4,0.3,NNW,54,14:14,24.2,25,7,NNE,30,1014.0,25.8,27,7,NNW,37,1012.0
2016-04-26,11.8,28.8,0,3.8,9.1,N,39,10:03,23.3,28,2,N,19,1022.8,27.8,18,7,WNW,15,1017.5
2016-04-25,8.5,27.5,0,3.6,10.3,NNW,33,11:59,19.2,37,0,N,11,1026.5,26.8,21,0,W,13,1023.3
2016-04-24,9.1,22.9,0,3.6,9.0,NE,31,09:51,17.1,58,5,NE,13,1029.3,20.3,44,6,SW,17,1025.5
2016-04-23,9.5,20.4,0,4.6,10.3,SE,35,11:17,15.6,47,1,ESE,11,1031.9,19.7,35,1,SSE,19,1028.2
2016-04-22,12.9,19.9,0,4.4,5.8,SE,41,16:53,16.5,69,7,SE,13,1030.3,19.1,40,3,SE,17,1028.1
2016-04-21,15.5,22.5,0.6,3.6,7.1,SW,39,15:11,19.0,74,7,SW,19,1022.3,21.3,64,7,SW,30,1022.0
2016-04-20,15.5,28.5,0,4.6,1.8,NNW,37,12:55,24.9,28,7,NNE,13,1015.0,24.1,51,7,W,17,1015.4
2016-04-19,11.6,28.2,0,2.6,8.1,NNW,30,11:26,21.6,37,2,NNE,9,1016.6,27.2,25,7,SW,9,1014.1
2016-04-18,6.8,23.7,0,5.4,8.9,N,28,12:04,18.9,37,7,NNE,15,1018.5,22.8,33,7,NW,15,1015.0
2016-04-17,12.0,21.8,0,4.0,10.7,SE,39,08:53,15.4,48,1,ESE,28,1025.7,20.8,35,1,SSW,11,1020.4
2016-04-16,13.6,21.6,0,3.8,7.0,SE,41,13:05,19.6,67,5,S,11,1023.4,19.8,59,4,SSE,26,1022.5
2016-04-15,13.0,26.7,0,3.8,6.0,SW,30,16:21,20.7,45,7,NE,13,1021.8,25.4,25,7,WSW,13,1019.1
2016-04-14,10.9,26.2,0,3.8,8.3,NNW,20,15:40,18.4,58,7,E,2,1025.2,25.5,29,7,NW,11,1022.4
2016-04-13,9.4,21.5,0,4.4,9.3,SW,30,16:45,18.1,63,7,W,4,1027.6,20.0,58,7,SW,19,1024.2
2016-04-12,10.9,21.8,0,4.4,9.1,SW,41,14:34,18.8,60,6,SSE,15,1028.1,20.3,60,1,SW,35,1024.8
2016-04-11,15.8,21.6,0.2,3.2,9.1,SSW,41,15:40,17.6,82,7,SSW,17,1026.2,20.7,65,2,SW,30,1024.4
2016-04-10,13.8,22.3,0,4.0,7.4,WSW,33,14:39,18.5,74,6,ENE,11,1024.4,20.7,65,6,WSW,26,1023.1
2016-04-9,11.1,20.8,0,2.0,7.1,W,24,12:06,16.3,74,6,NNE,7,1024.6,19.6,65,6,W,13,1022.3
2016-04-8,8.8,20.7,0,3.2,6.0,N,24,10:58,15.1,61,7,NE,11,1025.9,18.8,54,7,SW,9,1023.8
2016-04-7,8.4,19.0,0,4.0,3.5,WSW,28,14:45,13.5,80,7, ,Calm,1027.1,17.5,49,7,WSW,20,1023.6
2016-04-6,14.0,20.3,4.4,3.8,4.4,SSW,44,10:39,15.9,78,7,S,15,1020.4,18.3,51,7,SW,26,1021.6
2016-04-5,14.4,25.7,0,5.6,8.6,SW,35,14:38,22.4,32,7,NNE,17,1012.8,21.9,67,7,SSW,22,1012.1
2016-04-4,9.5,27.0,0,5.4,10.6,N,31,11:29,18.8,47,1,NNE,2,1021.2,24.9,33,2,W,13,1015.8
2016-04-3,11.8,22.0,0,5.8,8.4,SE,37,17:49,17.7,40,2,ESE,13,1027.8,20.0,43,7,SW,26,1024.1
2016-04-2,17.2,23.0,0,4.4,9.8,SW,41,14:13,19.5,67,6,S,19,1020.3,21.1,51,4,SW,31,1021.9
2016-04-1,14.9,27.8,0,4.8,4.7,NNW,50,10:58,18.6,45,7,N,24,1014.5,27.4,27,7,NNW,28,1011.6
2016-03-31,10.6,23.9,0,3.2,10.1,W,24,12:27,15.5,71,3,NE,15,1022.1,21.3,41,5,WSW,13,1019.4
2016-03-30,8.9,20.0,0,5.0,1.4,WSW,28,15:50,15.2,60,7,N,11,1024.4,19.2,50,7,W,13,1023.0
2016-03-29,14.3,21.9,0,4.8,8.6,SSE,41,12:28,15.8,54,7,ESE,11,1022.7,20.9,32,6,SSE,26,1020.6
2016-03-28,14.6,23.7,0,5.4,4.5,ESE,41,01:22,16.0,47,7,ENE,17,1019.8,21.7,36,5,SSW,13,1017.6
2016-03-27,15.3,22.5,0,5.0,1.9,SSE,35,17:23,17.0,69,8,ENE,9,1023.0,21.1,39,8,ESE,11,1020.3
2016-03-26,12.2,21.5,0,6.2,1.8,SW,31,15:29,17.7,49,7,E,9,1023.5,20.9,56,7,W,17,1022.3
2016-03-25,13.9,21.6,0.8,2.4,11.1,SW,50,13:32,17.4,63,6,SSE,11,1023.9,21.0,48,1,SW,37,1021.6
2016-03-24,17.9,24.9,0,3.4,2.0,WSW,28,11:08,20.1,65,7,ENE,7,1020.6,24.2,53,7,SSW,13,1017.8
2016-03-23,18.0,23.5,0,6.6,0.1,SW,33,13:59,21.6,56,8,S,13,1017.2,21.5,65,7,SW,24,1018.8
2016-03-22,11.5,29.9,0,4.2,10.9,WNW,33,12:41,18.2,58,1, ,Calm,1016.6,26.9,19,3,W,17,1014.8
2016-03-21,11.2,22.3,0,6.4,11.1,W,30,12:30,17.0,60,1, ,Calm,1020.7,21.7,46,0,WSW,22,1017.8
2016-03-20,9.9,23.2,0,3.4,11.1,WSW,39,15:01,15.7,61,0,N,7,1021.4,20.5,49,1,WSW,26,1019.1
2016-03-19,11.5,21.2,0,6.0,4.1,SW,33,14:14,15.8,72,5, ,Calm,1019.3,19.7,56,7,SW,20,1018.7
2016-03-18,16.5,20.8,9.0,10.2,8.3,WSW,72,02:05,17.3,52,5,SW,37,1010.8,19.8,42,3,SW,33,1012.8
2016-03-17,22.3,34.1,0,7.0,8.3,WSW,59,22:46,28.3,45,4,NE,17,1007.8,33.2,31,6,WNW,17,1003.5
2016-03-16,16.5,29.2,0,5.0,11.3,SW,26,13:27,22.3,62,1, ,Calm,1014.8,26.4,54,1,SW,20,1011.6
2016-03-15,15.7,28.3,0,7.2,11.4,SE,41,23:04,18.3,56,1,ESE,24,1018.7,25.4,45,0,SW,20,1015.8
2016-03-14,18.1,26.4,0,8.0,9.1,SE,43,17:09,19.8,62,6,SE,26,1019.9,25.7,47,,SSE,26,1017.8
2016-03-13,16.9,28.3,0,4.2,11.5,SW,33,14:34,22.2,76,3,NNE,6,1018.7,26.6,65,1,SW,22,1016.8
2016-03-12,19.4,30.2,0,6.2,8.7,SSE,31,14:46,22.9,77,7,WSW,11,1019.6,29.7,46,7,S,15,1018.1
2016-03-11,20.3,27.8,0.6,3.0,10.9,SW,31,15:26,24.0,76,1,NE,9,1016.5,26.7,71,3,SW,20,1015.3
2016-03-10,21.1,26.8,19.6,6.2,6.6,SW,26,12:45,22.2,92,8, ,Calm,1018.0,25.4,73,5,WSW,19,1015.8
2016-03-9,21.8,30.4,0,7.4,3.3,NNE,30,23:12,23.8,75,7, ,Calm,1015.7,27.4,64,7,NNE,13,1015.0
2016-03-8,21.0,33.6,0,4.4,10.3,WSW,41,16:30,26.8,57,2, ,Calm,1014.1,31.8,35,7,SW,11,1012.1
2016-03-7,22.3,28.2,11.6,7.8,2.1,SE,46,02:56,24.9,69,7,WSW,4,1016.1,25.0,66,7,SSW,24,1016.7
2016-03-6,22.6,36.9,0,7.2,5.8,NNE,59,15:53,26.0,70,7,WNW,11,1015.3,34.9,30,7,SSW,19,1012.1
2016-03-5,18.1,36.4,0,6.8,9.7,SE,28,17:02,23.0,54,5,NW,7,1016.9,31.9,39,6,WSW,11,1014.4
2016-03-4,16.1,28.5,0,8.0,12.2,WSW,28,13:02,22.6,58,5,ENE,7,1015.5,25.9,59,2,SW,24,1014.2
2016-03-3,17.0,30.2,0,7.4,11.2,SW,39,13:45,20.7,59,3,S,11,1020.0,25.7,56,6,SW,30,1016.5
2016-03-2,17.0,30.1,0,7.6,9.9,SSE,43,18:32,25.2,34,6,NNE,6,1016.3,28.5,43,6,SW,15,1015.4
2016-03-1,15.8,32.6,0,8.4,7.6,WSW,35,11:52,23.5,59,3,NW,4,1015.5,27.4,29,8,SW,19,1014.6
2016-02-29,12.9,27.0,0,8.0,12.5,SW,31,13:15,19.1,63,1, ,Calm,1020.5,25.9,44,1,SW,20,1018.0
2016-02-28,14.4,27.1,0,6.6,12.6,SW,43,14:53,18.5,65,1, ,Calm,1022.6,24.3,49,1,SW,31,1019.8
2016-02-27,13.7,23.9,0,7.0,11.7,SSW,41,16:45,18.4,69,6,SSE,11,1023.7,22.6,55,1,SW,28,1021.1
2016-02-26,15.0,23.8,0,7.8,12.2,SW,41,12:35,19.7,62,2,S,11,1022.1,22.7,53,2,SW,31,1021.7
2016-02-25,19.0,24.2,0,2.0,10.5,SW,41,16:43,20.6,76,7,SSW,15,1014.0,22.5,60,3,W,15,1016.0
2016-02-24,21.9,25.6,0.4,5.8,0.0,SW,28,02:01,24.0,77,7,NNE,6,1010.9,23.3,74,7,SSW,13,1009.8
2016-02-23,21.6,34.0,0,7.8,6.7,SSW,43,15:02,25.9,58,6,SW,7,1011.4,31.9,31,7,SSW,19,1011.5
2016-02-22,22.6,37.5,0,8.8,7.5,NW,30,13:08,25.5,43,7,WNW,2,1018.9,34.6,19,7,NNW,13,1015.3
2016-02-21,14.3,33.8,0,10.0,10.5,N,35,11:29,23.9,32,2,NE,20,1020.5,30.7,28,5,W,17,1017.9
2016-02-20,13.6,26.1,0,6.6,12.8,SE,39,15:03,17.4,43,1,ESE,20,1023.5,24.9,27,1,ESE,22,1021.0
2016-02-19,16.7,24.8,0,6.2,6.8,SSE,46,19:06,19.2,66,7,S,11,1014.8,23.1,57,6,SW,30,1015.6
2016-02-18,13.5,23.4,0,6.4,12.9,SW,37,16:22,19.1,69,1,ENE,4,1014.2,22.1,62,1,WSW,15,1011.4
2016-02-17,13.8,24.4,0,8.4,12.8,SW,50,14:56,17.4,55,1,SE,20,1020.6,21.4,55,2,SW,35,1017.5
2016-02-16,15.6,24.1,0.6,6.4,12.3,S,43,18:51,18.4,68,3,SE,24,1019.8,23.2,32,1,S,20,1019.3
2016-02-15,15.6,22.9,0,7.8,9.7,SW,39,18:04,18.8,55,6,SSE,13,1017.6,21.9,45,4,WSW,19,1016.5
2016-02-14,16.1,23.4,0,5.4,10.7,SW,35,12:21,19.8,64,7,SW,19,1016.3,22.3,50,1,SW,26,1015.7
2016-02-13,15.9,25.0,0,6.6,6.8,SSW,37,20:26,22.4,62,4,NNE,13,1012.2,23.4,62,6,SW,17,1012.1
2016-02-12,14.6,27.8,0,10.2,13.1,SW,37,18:00,21.6,56,1,SSW,4,1015.4,26.6,43,1,WSW,19,1012.6
2016-02-11,16.5,32.1,0,8.8,13.1,SSE,39,18:16,21.6,53,1,SE,15,1016.3,30.5,26,7,SSW,24,1013.7
2016-02-10,15.6,32.3,0,9.6,12.8,S,37,15:25,23.6,32,1,WNW,6,1015.0,27.7,47,7,SW,28,1012.5
2016-02-9,15.4,32.1,0,8.8,13.3,SW,35,13:54,22.3,61,0,W,7,1019.6,25.8,61,0,SW,31,1016.3
2016-02-8,15.8,28.6,0,7.6,13.3,SE,48,18:34,20.0,62,1,SE,15,1022.2,27.3,35,1,SSE,28,1020.1
2016-02-7,17.2,27.4,0,7.0,13.1,SW,41,13:06,22.0,67,0,NNW,7,1017.5,25.6,63,1,SW,31,1016.7
2016-02-6,16.1,27.5,0,8.2,13.1,SW,37,15:42,22.8,60,0,NE,9,1015.3,25.6,69,1,SW,24,1013.8
2016-02-5,15.0,28.7,0,9.4,12.2,WSW,43,12:59,16.5,65,2,SE,20,1019.7,27.5,36,0,ESE,17,1015.1
2016-02-4,16.1,24.0,0,7.4,12.7,S,50,13:19,18.8,54,6,SE,26,1020.9,23.3,43,1,S,31,1018.5
2016-02-3,17.4,23.1,3.0,2.6,8.9,S,52,16:27,19.3,65,7,S,24,1013.5,21.9,44,6,S,28,1014.8
2016-02-2,18.8,24.9,10.8,11.6,3.1,NE,61,07:50,22.2,71,8,NE,43,995.1,23.4,75,3,SSE,26,998.7
2016-02-1,15.1,30.1,0,8.0,13.3,ENE,43,22:14,20.3,66,1,NNE,13,1007.1,26.3,49,1,WSW,19,1003.7
2016-01-31,14.7,23.4,0.2,5.6,12.1,SW,37,15:37,19.0,74,3,NNE,13,1006.3,22.1,54,1,WSW,24,1005.9
2016-01-30,13.5,23.7,12.2,4.1,11.4,SSE,48,23:51,17.1,79,7,SSW,13,1006.5,22.4,49,5,SW,30,1005.4
2016-01-29,13.2,19.8,6.2,7.8,4.9,W,76,15:16,15.0,84,6,SE,11,1008.0,18.2,58,8,W,37,1003.7
2016-01-28,18.8,25.3,0,9.4,7.9,WSW,61,13:02,21.8,54,5,W,24,1010.0,20.4,62,8,WSW,39,1008.4
2016-01-27,20.5,29.2,0,9.2,10.8,SSW,48,19:31,27.0,28,5,N,7,1009.3,25.3,62,4,SW,31,1008.3
2016-01-26,16.1,29.8,0,10.2,7.7,SSW,41,15:52,21.7,54,7,WSW,11,1015.6,28.1,41,7,SW,24,1012.1
2016-01-25,16.8,29.9,0,7.6,13.5,SW,44,14:41,21.1,61,1,ESE,28,1016.8,26.1,49,1,WSW,35,1014.7
2016-01-24,16.3,27.5,0,7.8,13.3,SW,50,13:40,19.1,61,7,ESE,11,1017.1,24.4,50,3,SW,37,1014.1
2016-01-23,18.9,24.4,8.8,8.0,8.9,SW,43,14:46,20.9,66,7,SW,17,1016.0,23.2,51,5,SW,28,1016.1
2016-01-22,21.5,28.7,6.6,7.8,9.7,WSW,89,13:25,24.5,78,6,N,15,1008.8,21.3,89,6,ENE,22,1008.3
2016-01-21,23.3,34.2,0,7.8,5.5,WSW,44,22:36,25.3,52,7,E,7,1009.7,33.2,25,7,W,11,1007.7
2016-01-20,23.5,29.7,1.0,7.2,11.1,NW,35,01:31,26.0,72,3,WSW,20,1009.9,28.3,56,2,SW,24,1009.2
2016-01-19,19.3,35.4,0,11.0,1.9,NNW,46,11:59,30.7,19,7,NE,19,1011.0,33.8,25,8,NNW,24,1009.4
2016-01-18,17.1,34.1,0,10.2,13.8,SSW,33,16:26,26.9,30,4,NE,2,1014.1,31.0,22,4,SW,19,1012.4
2016-01-17,13.9,33.7,0,7.4,13.9,WSW,28,12:54,23.6,48,0,W,11,1018.8,31.3,24,3,WSW,19,1015.8
2016-01-16,15.3,28.2,0,10.2,9.1,SW,39,15:22,19.4,45,7,WSW,9,1025.9,24.8,42,6,SW,30,1022.2
2016-01-15,13.4,25.8,0,10.0,13.9,E,50,11:24,17.4,37,1,ESE,22,1031.8,25.1,20,1,ESE,19,1027.2
2016-01-14,17.8,23.6,0,8.8,8.4,SSW,54,15:36,18.5,51,7,S,26,1023.1,22.1,31,6,S,28,1024.9
2016-01-13,21.3,34.5,0,9.8,5.8,SW,52,15:57,30.1,30,7,NE,31,1008.7,30.9,42,6,W,22,1009.8
2016-01-12,21.0,33.5,1.2,7.8,14.0,SE,30,23:43,27.3,50,0,S,6,1010.9,31.2,39,1,SW,19,1009.2
2016-01-11,21.0,36.0,0,8.0,9.6,WSW,37,08:53,30.1,38,7,NNE,13,1007.5,34.0,29,6,S,13,1007.3
2016-01-10,18.1,34.6,0,9.0,7.6,SW,39,10:44,26.9,27,7,NE,6,1015.3,33.9,14,3,ESE,11,1012.9
2016-01-9,14.7,29.7,0,9.4,13.0,WSW,28,14:20,23.8,41,6, ,Calm,1020.1,26.4,44,6,SW,20,1017.9
2016-01-8,14.2,29.3,0,9.8,11.7,WSW,41,15:53,19.8,,3,ESE,15,1023.5,26.1,41,6,SW,28,1020.4
2016-01-7,17.8,29.8,0,10.6,13.9,,,,21.8,53,1,SE,20,1020.6,29.0,27,1,SSE,22,1019.9
2016-01-6,16.7,28.5,0,9.4,13.7,SW,48,12:43,21.0,51,1,SE,19,1018.5,28.0,31,4,S,26,1017.0
2016-01-5,15.7,26.1,0,11.2,13.7,WSW,33,11:49,22.4,65,1,WSW,9,1016.0,24.1,63,1,SW,28,1014.8
2016-01-4,16.5,32.1,0,9.2,13.4,SSE,48,16:24,23.7,51,1,SSE,20,1016.3,30.6,25,3,ESE,31,1013.3
2016-01-3,16.9,25.8,0,10.4,13.1,SW,57,17:07,20.7,64,3,SE,22,1014.7,24.5,54,1,SW,39,1012.7
2016-01-2,17.1,26.2,0,10.4,12.3,SE,48,04:22,19.5,54,3,SE,28,1016.4,24.8,35,1,SSE,28,1013.2
2016-01-1,20.0,30.9,0,14.2,10.3,SW,46,12:03,26.3,45,4,SW,2,1013.9,26.9,51,5,SW,31,1013.1
2015-11-30,17.4,33.2,0,9.0,11.7,NNW,56,09:26,28.8,22,2,N,35,1003.0,22.0,64,4,SW,35,1004.0
2015-11-29,12.4,28.9,0,5.8,13.8,SW,35,13:05,17.9,54,1,NNW,7,1016.6,20.4,51,2,SW,22,1014.1
2015-11-28,9.5,21.2,0,12.6,12.1,SSW,35,14:10,17.7,47,1,NNW,9,1019.1,20.1,36,7,SW,20,1017.4
2015-11-27,8.3,19.7,0,3.0,11.5,SW,37,10:31,15.4,50,1,WSW,19,1021.2,18.5,43,7,SW,28,1020.0
2015-11-26,13.1,19.2,0.4,8.0,12.9,SW,67,00:45,15.9,39,3,S,33,1015.5,18.0,28,2,SW,37,1017.9
2015-11-25,15.9,31.0,0,7.4,2.6,N,67,10:27,28.3,13,7,N,30,1002.9,23.2,52,7,SW,28,1000.9
2015-11-24,10.5,28.6,0,8.6,13.3,W,28,11:14,17.1,60,1,NNE,9,1019.3,24.4,26,1,WSW,9,1014.9
2015-11-23,14.3,20.7,0,7.2,10.0,SW,39,15:57,16.8,56,7,SSW,17,1021.7,19.9,45,1,WSW,28,1020.4
2015-11-22,9.0,19.7,0,7.2,12.4,SW,41,16:35,15.7,51,6,SW,13,1023.1,18.1,45,1,SW,28,1020.2
2015-11-21,13.2,21.3,0,7.8,9.8,SW,54,14:22,16.1,48,7,SE,17,1026.0,19.6,44,1,SW,39,1023.8
2015-11-20,17.2,21.8,0,10.6,10.1,SW,50,14:12,18.7,68,7,SW,24,1016.9,20.1,52,4,SW,31,1018.8
2015-11-19,20.9,33.4,0,11.8,11.9,SW,50,13:34,25.0,54,4,SSW,13,1015.1,25.3,56,6,SW,31,1011.2
2015-11-18,16.4,39.3,0,9.8,10.3,NNW,44,11:32,30.2,16,7,NNE,24,1011.8,37.1,9,7,NW,28,1009.3
2015-11-17,13.7,33.8,0,7.4,13.6,NNW,30,09:08,25.7,21,3,NNE,17,1013.3,31.8,13,1,W,17,1011.5
2015-11-16,10.0,28.9,0,7.6,13.4,WNW,28,11:14,20.7,50,1,N,4,1016.5,27.5,19,6,W,13,1013.6
2015-11-15,12.7,24.9,0,6.8,13.4,SE,46,23:46,15.8,52,1,ESE,15,1022.1,24.1,28,0,ESE,17,1017.7
2015-11-14,10.5,21.4,0,6.2,10.5,SW,48,16:20,16.3,54,2,SSE,15,1022.2,19.0,57,5,SW,31,1020.3
2015-11-13,12.9,21.1,0,9.8,8.7,SW,54,16:23,17.6,42,6,SSE,24,1020.4,18.8,55,5,SW,33,1019.1
2015-11-12,14.9,23.5,0,4.0,13.4,SW,56,15:46,20.6,53,1,WSW,11,1015.9,20.8,62,1,SW,35,1015.7
2015-11-11,15.8,24.5,0,7.4,6.3,ESE,39,00:17,18.4,54,7,N,6,1018.1,22.2,54,7,WSW,20,1015.6
2015-11-10,17.8,25.4,0,10.6,3.5,SE,48,16:57,20.1,55,7,S,24,1016.8,23.8,48,8,SE,22,1016.2
2015-11-9,18.2,35.0,0,7.8,10.0,SE,57,22:17,30.0,19,7,NNE,19,1016.0,33.5,19,7,W,13,1013.5
2015-11-8,14.5,33.8,0,5.6,13.1,WSW,26,11:39,23.6,50,5,N,11,1019.9,33.0,12,2,WNW,9,1017.9
2015-11-7,9.8,24.2,0,5.0,13.1,WSW,26,11:25,18.0,55,3,ESE,4,1020.5,22.1,51,2,SW,19,1018.6
2015-11-6,14.5,19.7,0.4,4.0,7.6,SW,41,15:57,15.3,84,7,SW,22,1016.0,18.4,60,1,SW,17,1015.6
2015-11-5,16.2,20.3,2.0,3.8,2.1,SW,35,22:12,17.7,78,8,W,13,1008.3,18.4,76,7,SW,20,1008.9
2015-11-4,18.4,24.0,11.8,7.8,5.7,NNE,48,00:33,20.2,85,7,NNW,22,1007.8,23.3,58,6,S,6,1005.1
2015-11-3,14.9,29.3,0,6.0,4.5,NW,50,18:51,19.4,49,7,ENE,15,1013.1,27.1,29,7,E,28,1009.0
2015-11-2,16.1,21.3,0,4.4,8.4,WSW,35,16:09,17.8,76,7,WSW,13,1013.9,19.7,61,7,SW,22,1014.1
2015-11-1,14.5,21.6,0,6.4,10.1,SW,35,16:26,18.7,67,7,SSW,6,1010.4,18.9,52,5,SW,17,1009.9
2015-10-31,14.6,24.9,0,5.8,10.8,WSW,26,11:27,17.0,80,7,WNW,13,1013.6,23.4,37,1,WSW,15,1010.7
2015-10-30,15.4,24.8,0,8.0,10.9,WSW,26,10:56,18.1,78,6,NNW,13,1015.8,23.3,45,3,SW,9,1014.2
2015-10-29,12.3,26.4,0,5.0,11.7,SW,48,16:48,23.3,41,2,E,6,1017.3,24.6,42,2,SSW,28,1014.3
2015-10-28,12.9,23.4,0,4.4,9.1,SW,33,16:20,18.4,58,7,NW,7,1019.2,21.4,53,1,SW,24,1017.8
2015-10-27,9.0,19.7,0,7.2,11.9,SE,37,23:59,14.9,51,0,WNW,9,1024.4,18.4,46,3,WSW,17,1020.4
2015-10-26,13.6,21.2,0,7.2,8.8,S,46,13:38,15.4,67,7,S,20,1023.9,20.0,43,1,SSE,31,1022.9
2015-10-25,20.0,21.5,0,7.4,8.5,NNE,50,00:50,20.3,62,6,SSW,20,1014.6,19.8,65,7,W,26,1016.2
2015-10-24,10.3,33.4,0,6.0,3.7,NNW,31,13:46,20.9,34,7,NE,13,1018.5,32.0,12,7,N,15,1013.9
2015-10-23,9.0,20.9,0,5.8,12.7,SSW,33,15:11,14.5,48,6,S,6,1023.9,18.9,47,0,SSW,22,1019.8
2015-10-22,12.8,20.1,0,6.0,10.1,S,39,13:55,14.1,51,7,SSE,22,1024.4,18.9,40,1,S,28,1022.5
2015-10-21,15.2,19.2,3.0,4.2,6.5,WSW,48,02:13,16.2,85,7,SW,26,1018.2,17.3,59,6,SW,31,1019.6
2015-10-20,19.2,22.1,0.2,8.4,4.0,WNW,48,18:13,20.9,66,7,WNW,26,1012.9,20.8,63,3,NNW,17,1012.4
2015-10-19,14.9,34.0,0,6.4,7.1,WNW,52,11:33,26.9,17,7,NE,26,1019.5,27.5,33,7,W,20,1018.0
2015-10-18,8.2,27.1,0,8.0,12.5,SE,31,00:01,18.4,51,1,NE,2,1026.8,22.9,44,0,SSW,20,1023.8
2015-10-17,13.3,24.6,1.4,2.0,11.4,SSE,35,18:43,15.8,67,5,SE,15,1026.3,23.4,29,1,SSE,19,1025.4
2015-10-16,16.5,21.5,1.0,11.6,0.5,SW,31,01:28,17.7,53,7,SSE,19,1021.5,18.1,65,7,SW,17,1020.8
2015-10-15,16.1,36.2,0,9.0,9.9,NW,50,13:16,28.3,12,3,NE,22,1014.7,35.3,4,1,NNW,35,1012.2
2015-10-14,7.3,29.0,0,6.0,12.2,NNE,28,09:08,16.1,53,1,N,7,1021.5,27.2,15,2,W,15,1017.4
2015-10-13,8.4,20.6,0,5.4,12.1,SW,43,16:19,15.4,51,1,ESE,19,1025.5,17.8,51,0,WSW,28,1022.0
2015-10-12,12.3,18.5,0,4.0,8.2,SW,41,13:13,15.8,46,4,SSE,17,1023.3,16.3,62,6,SW,31,1022.1
2015-10-11,13.9,18.4,0,5.8,5.5,SW,37,19:59,14.8,87,8,WNW,6,1021.3,17.2,70,3,SW,22,1019.4
2015-10-10,16.2,29.5,0,7.0,6.9,W,50,23:58,21.6,61,7,ESE,6,1024.3,27.2,26,7,ENE,17,1021.8
2015-10-9,13.4,32.4,0,5.4,11.4,SW,35,15:58,25.0,30,3,ENE,7,1026.0,29.0,21,3,WSW,11,1022.7
2015-10-8,11.1,28.4,0,6.4,6.5,ENE,31,12:14,16.5,50,7, ,Calm,1032.0,20.3,51,5,SW,19,1026.8
2015-10-7,11.0,21.7,0,6.4,10.7,ESE,43,09:28,14.0,47,4,SE,22,1035.3,20.2,17,4,ESE,20,1031.7
2015-10-6,16.9,20.9,0,16.6,7.3,SW,54,14:16,18.0,74,7,WSW,13,1016.9,17.8,61,8,SW,37,1022.3
2015-10-5,13.9,35.3,0,5.2,11.5,N,57,10:10,28.0,11,2,NNE,28,1018.7,34.3,8,5,NNW,44,1014.7
2015-10-4,14.4,28.0,0,10.8,6.2,NW,26,11:12,20.4,27,6, ,Calm,1023.6,23.4,38,7,WSW,9,1022.3
2015-10-3,14.3,32.9,0,7.2,11.3,NNW,59,11:29,27.1,14,2,NNE,22,1025.8,32.3,4,3,NNW,37,1021.0
2015-10-2,7.6,30.0,0,4.8,10.9,NNW,37,12:14,21.2,36,0,NNE,17,1031.5,29.7,13,1,WNW,15,1027.5
2015-10-1,7.6,21.2,0,4.8,11.6,SSW,31,12:19,15.8,61,2,NW,9,1028.4,18.6,46,2,SW,20,1028.9
2015-09-30,5.8,18.5,0,3.4,11.4,SW,30,12:41,14.8,57,1,SW,7,1024.5,17.5,44,0,SW,20,1021.5
2015-09-29,3.7,16.3,0,4.6,9.9,WSW,41,12:57,12.4,42,7,SW,15,1022.3,15.0,45,1,SW,31,1020.1
2015-09-28,10.1,18.2,0,5.4,8.8,SW,43,14:16,16.2,53,4,SE,6,1020.8,16.4,59,2,SSW,31,1019.0
2015-09-27,6.4,24.1,0,5.6,11.5,NNW,26,11:17,18.2,33,0,NE,11,1024.1,24.0,19,1,W,11,1021.2
2015-09-26,6.3,20.8,0,4.6,11.7,NNE,31,09:59,18.2,27,0,NE,13,1028.8,19.5,30,1,SW,22,1025.4
2015-09-25,7.9,18.8,0,3.8,11.4,SW,35,13:16,16.8,37,0,NE,9,1032.2,16.3,58,1,SW,26,1028.1
2015-09-24,7.3,16.8,0,6.0,9.3,E,39,15:00,12.2,46,5,SE,26,1035.6,15.6,39,6,SE,22,1030.9
2015-09-23,5.9,16.6,0,3.4,11.2,SSE,41,16:07,12.6,40,2,ESE,24,1038.1,16.3,34,1,SE,22,1034.5
2015-09-22,8.4,16.4,0.4,4.8,7.1,SSE,41,12:01,13.5,40,6,S,22,1032.1,15.5,35,6,SE,24,1031.8
2015-09-21,10.6,16.2,0.4,6.8,8.1,SW,52,04:06,13.7,46,6,SW,30,1024.3,14.4,58,6,SW,24,1024.4
2015-09-20,7.0,25.3,0,4.2,10.7,NW,48,13:41,19.0,33,1,N,20,1018.2,24.4,17,3,NNW,33,1014.4
2015-09-19,4.6,21.0,0,3.2,10.6,NW,28,11:48,14.2,62,0,NNE,17,1024.4,19.4,29,1,W,11,1020.1
2015-09-18,8.7,15.5,0,4.0,5.5,W,28,12:58,12.4,69,8,NE,7,1031.5,14.8,53,3,SW,19,1027.9
2015-09-17,6.5,16.5,0,3.2,10.8,SW,37,12:38,14.1,67,2,SW,13,1027.8,15.2,65,1,SW,24,1028.1
2015-09-16,7.7,17.5,0,3.4,7.5,N,35,09:55,14.8,52,7,NNE,15,1018.3,15.8,64,6,SW,15,1017.5
2015-09-15,11.1,16.1,0.2,4.0,4.2,SW,37,00:01,13.4,48,7,SW,20,1020.5,14.9,46,7,W,9,1019.8
2015-09-14,13.1,18.1,0,10.8,6.6,NNE,43,00:11,17.1,67,1,WNW,11,1014.7,16.2,71,7,W,26,1014.6
2015-09-13,15.2,30.0,0,8.2,10.2,N,52,12:26,24.5,16,1,NNE,30,1019.6,29.0,14,1,NNE,31,1015.1
2015-09-12,15.8,26.4,0,7.2,8.7,NNW,48,13:07,21.6,33,6,NNE,17,1023.8,25.8,19,5,NNW,24,1021.1
2015-09-11,11.1,24.6,0,3.6,10.9,NNW,48,13:47,17.9,49,6,N,26,1025.8,23.5,27,3,N,33,1022.2
2015-09-10,4.1,19.3,0,2.4,10.3,NE,31,09:54,13.9,58,1,ENE,15,1033.7,16.3,60,1,WSW,13,1029.2
2015-09-9,11.2,15.1,1.0,2.0,4.0,SW,30,12:09,12.9,86,6,S,15,1032.4,13.6,80,7,SW,22,1030.9
2015-09-8,12.1,15.5,0.6,2.8,2.0,W,39,01:31,13.7,88,7,WSW,22,1027.3,14.3,81,7,WSW,19,1026.8
2015-09-7,10.6,14.7,0.4,4.6,8.6,WSW,46,00:21,13.0,50,2,SW,28,1025.6,13.7,54,6,WSW,24,1025.3
2015-09-6,10.8,16.4,0.2,3.2,4.5,WNW,61,11:01,14.9,61,7,N,28,1014.7,14.7,51,2,W,39,1016.7
2015-09-5,3.5,17.1,0,1.4,9.3,N,30,12:21,11.3,68,4,NNE,7,1025.3,16.2,55,4,WNW,17,1020.6
2015-09-4,6.5,13.5,0.2,2.4,0.7,SW,24,12:09,12.3,64,7,ENE,9,1028.5,12.8,64,7,WSW,17,1025.9
2015-09-3,9.7,15.5,5.4,0.6,1.9,SSW,43,13:25,13.5,79,7,SSW,20,1019.9,13.5,83,7,SSW,24,1022.2
2015-09-2,10.8,14.2,6.8,4.8,2.4,N,48,12:16,12.6,77,7,N,28,1005.2,11.6,92,8,NNE,22,1000.6
2015-09-1,10.3,21.2,0,4.2,1.8,NNE,52,22:26,16.8,45,7,NE,17,1013.2,18.7,36,8,N,22,1009.1
2015-08-31,2.9,18.6,0,2.0,10.3,NW,24,13:04,14.2,43,0,NNE,17,1021.1,18.0,33,1,W,19,1017.7
2015-08-30,6.2,16.2,0,2.8,10.6,SW,30,13:21,12.6,45,1,NNE,15,1026.5,14.3,48,1,SW,15,1023.0
2015-08-29,3.8,14.9,0,2.0,4.0,SW,28,14:02,11.8,65,6,ESE,17,1028.9,13.6,47,6,S,11,1026.4
2015-08-28,7.0,14.3,1.2,2.2,1.3,SW,30,15:03,11.9,79,7,S,19,1029.9,13.7,57,7,SSW,13,1027.6
2015-08-27,4.2,14.7,0,2.2,7.8,SW,31,12:45,9.7,76,6,NNE,7,1026.3,12.7,74,7,S,15,1025.7
2015-08-26,7.7,14.8,0,3.8,7.5,WSW,31,13:12,11.6,69,7,SW,7,1025.6,14.0,59,7,SW,28,1023.3
2015-08-25,8.1,15.5,0,4.8,10.0,SE,46,09:47,11.6,58,1,SSE,22,1028.9,14.4,34,1,SSE,22,1026.0
2015-08-24,9.3,14.3,0,4.0,7.0,SE,56,08:08,10.0,60,7,SE,31,1024.8,13.5,41,6,SSE,31,1024.1
2015-08-23,4.2,17.7,0,0.4,7.5,SE,46,17:48,12.8,80,3,SSW,6,1019.7,15.8,55,7,ESE,30,1017.7
2015-08-22,8.6,17.0,0.8,1.2,5.5,N,31,12:47,11.7,97,8,NNE,13,1017.8,15.9,64,4,NW,17,1017.0
2015-08-21,12.5,20.0,4.4,4.8,6.7,NNW,48,12:55,13.7,83,8,N,13,1012.5,18.5,55,5,NW,30,1010.2
2015-08-20,12.1,22.6,0,4.8,4.3,NNE,63,13:04,18.1,30,5,NNE,33,1015.6,20.3,36,7,NNE,31,1012.1
2015-08-19,8.0,18.6,0,2.4,0.5,NE,41,23:21,12.1,56,7,NE,24,1021.9,17.4,51,7,NE,24,1018.0
2015-08-18,8.8,14.4,1.0,1.8,4.4,SW,22,14:35,11.2,62,7,ESE,4,1024.4,13.2,55,4,SW,15,1022.5
2015-08-17,8.4,14.8,0,1.2,5.8,SW,37,12:49,13.2,91,7,WNW,19,1024.0,13.8,62,2,SSW,26,1022.5
2015-08-16,5.8,14.0,0,1.6,5.9,W,19,13:35,9.9,95,8,NNE,6,1029.4,13.1,76,4,WSW,9,1025.9
2015-08-15,10.1,14.4,0.6,1.0,3.7,W,20,13:18,12.7,92,8,N,9,1032.7,13.3,85,7,SW,11,1031.0
2015-08-14,11.0,14.9,0.6,0.4,3.1,NNW,26,01:42,12.6,87,8,NNE,9,1028.1,14.4,80,7,W,11,1027.6
2015-08-13,11.0,15.7,1.2,2.2,2.8,W,31,03:03,12.1,95,7,NW,22,1023.3,14.9,71,6,NW,11,1022.9
2015-08-12,8.9,14.3,5.4,3.8,7.0,SW,65,09:49,11.9,70,6,SW,41,1009.9,12.5,74,5,SW,31,1014.9
2015-08-11,7.5,16.0,0.4,3.4,3.5,NW,63,14:37,11.3,67,6,N,33,1008.8,10.5,84,8,NNW,43,1004.4
2015-08-10,11.7,14.9,0,3.4,7.3,NW,48,01:56,12.7,80,7,NW,30,1012.9,14.3,59,2,WNW,28,1012.8
2015-08-9,8.1,19.0,0,2.6,3.0,N,50,12:56,12.9,46,6,NNE,26,1016.9,18.6,37,6,NNE,35,1010.0
2015-08-8,3.4,16.2,0,0.8,7.0,N,35,11:07,8.8,81,6,NE,9,1025.4,15.2,54,6,NW,17,1021.0
2015-08-7,9.9,11.8,0.2,1.8,0.0,NW,24,11:09,10.7,89,8,NE,13,1029.2,11.1,77,7,WNW,11,1027.5
2015-08-6,8.7,13.5,0.6,2.0,7.4,SW,37,03:12,10.9,89,7,SSE,9,1026.3,12.9,70,6,WSW,20,1026.0
2015-08-5,8.9,13.4,3.0,1.4,6.9,SW,46,12:15,11.8,78,7,SW,28,1021.9,12.7,67,5,SW,24,1021.6
2015-08-4,6.5,12.6,2.2,2.2,2.0,W,48,23:40,9.3,90,7,NNE,9,1028.0,11.3,86,7,WNW,15,1025.1
2015-08-3,10.7,13.6,1.8,1.2,5.9,WSW,57,05:30,11.6,78,4,SSW,26,1025.2,12.1,77,5,SW,17,1025.5
2015-08-2,8.3,14.6,7.0,2.2,7.1,WSW,52,18:29,11.8,67,3,W,22,1020.2,13.0,83,3,W,20,1020.0
2015-08-1,7.9,11.9,6.0,1.8,0.0,WSW,43,04:34,11.3,90,8,S,17,1016.7,11.5,79,8,SE,13,1015.9
2015-07-31,2.8,16.2,0,1.4,2.3,NNW,37,12:51,8.1,80,7,NNE,9,1021.9,15.2,55,7,NNW,22,1015.9
2015-07-30,7.5,14.2,0.2,2.0,0.8,NNW,67,10:45,11.7,48,7,NNE,28,1019.0,13.4,74,8,NW,26,1018.2
2015-07-29,6.0,13.6,0,2.6,1.1,N,37,13:01,9.4,59,7,N,19,1031.6,13.3,45,6,N,24,1026.2
2015-07-28,7.0,13.3,0.4,0.2,5.6,NNE,26,08:38,8.9,89,3,NNE,19,1037.8,12.3,66,7,W,13,1034.8
2015-07-27,4.0,13.2,0.2,3.4,7.5,W,26,14:18,7.6,84,6,NE,17,1034.8,12.6,61,3,W,19,1034.6
2015-07-26,8.4,12.7,2.8,3.0,7.6,SW,54,01:26,11.0,53,1,WSW,33,1022.6,11.1,67,6,SW,28,1025.0
2015-07-25,11.1,15.1,1.2,2.8,6.3,NW,59,21:01,12.2,81,1,NNW,26,1017.4,14.7,71,5,NNW,30,1014.1
2015-07-24,9.9,15.1,1.8,2.2,7.7,WNW,54,21:00,12.8,83,5,NW,28,1014.0,14.0,71,7,NW,28,1013.1
2015-07-23,3.0,18.0,0.4,0.6,7.4,NE,35,16:21,9.9,79,0,NE,13,1022.6,17.8,45,3,NE,24,1016.2
2015-07-22,9.2,15.1,3.4,1.8,4.8,N,50,00:08,10.5,91,6,NNE,15,1020.5,13.9,73,6,NW,19,1021.8
2015-07-21,6.0,13.9,0,3.4,0.0,N,59,18:11,11.0,48,7,NNE,30,1020.2,13.2,47,7,N,35,1014.0
2015-07-20,1.7,12.8,0,2.4,9.6,NNW,35,13:57,7.9,58,0,NNE,20,1029.9,12.2,41,1,N,17,1026.0
2015-07-19,1.4,11.9,0,1.4,9.6,WNW,24,13:26,8.1,65,2,E,9,1034.0,10.9,48,1,WSW,15,1030.8
2015-07-18,5.1,13.0,0,0.2,5.9,ESE,26,11:09,8.5,92,6, ,Calm,1033.1,12.4,60,3,WSW,19,1031.4
2015-07-17,5.0,12.8,0,2.8,0.3,SW,37,13:46,11.0,63,7,SSE,11,1029.5,11.7,71,7,SW,22,1029.1
2015-07-16,6.6,15.0,0.8,0.8,5.1,SE,31,10:36,9.7,76,2,S,13,1027.9,12.9,69,7,S,19,1026.6
2015-07-15,5.5,13.5,6.0,3.4,7.9,SSW,52,02:37,9.5,82,5,SSE,7,1019.5,12.9,61,5,S,26,1020.1
2015-07-14,11.0,14.1,1.2,2.0,2.9,WSW,70,14:03,12.1,84,8,NW,22,1017.6,11.8,64,6,SSW,39,1015.8
2015-07-13,9.8,14.8,0.4,2.8,5.2,SW,41,06:33,12.4,81,7,SW,22,1022.6,14.3,75,5,WSW,26,1020.7
2015-07-12,6.5,13.2,1.6,2.6,5.1,SW,74,02:46,11.2,68,6,SSW,33,1018.2,11.7,68,6,SSW,35,1019.8
2015-07-11,5.9,12.6,12.6,3.6,4.2,SW,78,21:09,6.5,86,7,W,11,1008.8,11.7,55,7,WSW,43,1008.9
2015-07-10,10.5,15.7,1.6,2.6,3.1,NNW,54,23:14,12.7,75,7,N,20,1014.7,14.3,84,7,NW,22,1012.7
2015-07-9,10.2,18.5,0,2.2,7.0,NNE,33,10:26,13.5,50,4,NNE,13,1021.0,16.7,54,6,WNW,11,1017.6
2015-07-8,7.9,16.2,0.2,2.0,4.4,N,24,12:57,10.3,92,7,NE,11,1024.9,14.1,61,6,WSW,15,1022.0
2015-07-7,11.8,15.3,2.2,2.4,7.8,WNW,30,10:29,13.4,87,7,W,17,1022.0,14.2,82,2,W,15,1021.6
2015-07-6,9.2,15.2,5.0,3.4,6.3,N,37,01:02,12.7,87,1,ENE,9,1016.6,13.5,86,6,WNW,17,1016.6
2015-07-5,5.8,17.2,0,1.0,7.9,NE,33,22:11,10.9,70,1,NE,15,1020.9,16.8,46,2,NNW,22,1017.4
2015-07-4,5.1,16.3,0,0.4,6.6,NW,20,14:52,10.6,76,7,NE,11,1024.8,15.8,49,3,NNW,15,1021.8
2015-07-3,2.5,12.8,0,1.4,1.1,WNW,19,12:17,8.5,74,7,ENE,9,1029.4,11.8,68,7,WNW,15,1026.4
2015-07-2,9.6,15.5,0.2,2.2,7.7,SSW,28,15:06,10.7,85,7,NE,15,1028.8,14.7,54,3,SSW,17,1028.5
2015-07-1,4.8,14.0,0,1.2,5.2,NW,28,13:14,9.6,72,7,NE,13,1030.5,12.7,53,7,W,13,1027.5
2015-06-30,7.7,12.7,0,1.2,0.2,ESE,17,01:40,10.6,59,7,N,6,1031.1,12.4,69,7,W,9,1029.4
2015-06-29,2.6,14.4,0,1.2,0.7,WNW,19,13:10,7.9,86,7,E,7,1033.5,13.0,66,7,SW,13,1030.4
2015-06-28,5.2,15.7,0,1.8,8.9,SSW,22,17:12,9.8,84,2, ,Calm,1035.2,14.3,63,3,SW,13,1032.9
2015-06-27,2.9,13.6,0,1.4,8.4,WNW,22,13:01,8.3,86,7,NE,9,1034.5,12.5,79,6,W,15,1032.5
2015-06-26,10.9,14.9,0.4,0.2,7.9,N,30,12:28,11.7,81,7,NNE,19,1033.8,13.3,64,1,WNW,17,1032.2
2015-06-25,9.9,14.2,1.6,2.0,0.6,WSW,28,10:53,12.4,69,7,SW,13,1033.0,13.7,61,7,WNW,7,1032.2
2015-06-24,10.7,13.8,4.0,2.2,5.1,SW,43,13:32,11.6,91,7,S,11,1024.0,13.5,72,6,SSW,31,1025.7
2015-06-23,10.7,17.0,2.2,3.6,7.6,N,48,10:32,13.2,62,1,N,28,1015.5,16.2,67,5,NW,24,1015.0
2015-06-22,9.3,18.3,1.0,4.0,4.3,N,50,14:13,10.7,77,7,NE,26,1019.1,18.1,33,6,NNE,39,1013.0
2015-06-21,3.6,15.4,0,1.8,9.1,NNE,41,21:48,9.3,58,3,NNE,20,1026.2,15.0,46,2,N,26,1020.8
2015-06-20,4.5,14.2,0,1.0,6.7,NE,26,17:29,9.8,68,2, ,Calm,1028.9,12.7,46,6,W,13,1026.5
2015-06-19,4.8,15.4,0,3.0,3.3,SE,24,12:20,11.4,91,7,SSW,9,1026.7,14.4,56,7,SSE,13,1025.5
2015-06-18,10.5,16.5,3.8,1.6,5.6,SSE,33,10:33,12.8,81,6,SSE,17,1022.1,14.8,62,7,SSE,19,1021.7
2015-06-17,10.2,16.4,0,1.0,5.7,WSW,26,13:22,12.1,92,7,NE,7,1017.4,16.1,72,7,SW,19,1016.1
2015-06-16,11.7,16.4,1.4,0.0,0.4,SSW,24,14:36,13.4,92,7,SSW,7,1017.4,14.9,84,7,SW,17,1015.0
2015-06-15,12.4,15.7,1.6,1.2,0.0,NE,19,16:09,13.5,91,8,SE,7,1021.2,14.9,90,7,S,7,1018.3
2015-06-14,12.4,19.4,0,2.0,0.9,N,30,11:36,14.6,67,8,NNW,11,1023.3,17.5,62,8,N,11,1021.7
2015-06-13,8.5,20.1,0,1.2,1.5,NNE,30,06:34,16.6,60,7,NE,17,1025.6,17.8,60,7,W,11,1022.7
2015-06-12,3.4,17.9,0,1.6,7.8,NNE,30,11:06,11.9,72,7,NE,13,1030.0,15.7,57,3,WSW,11,1026.9
2015-06-11,2.5,14.5,0,1.8,9.0,ESE,26,16:06,8.0,80,3,SSW,6,1035.7,14.2,50,1,ENE,13,1032.1
2015-06-10,8.4,14.0,0,2.4,5.9,E,39,11:05,10.8,74,6,SSE,9,1036.6,12.8,46,3,ESE,19,1034.8
2015-06-9,10.6,16.2,1.8,1.4,5.3,SSW,41,04:55,12.4,68,7,S,13,1027.0,14.9,43,4,SSE,20,1028.4
2015-06-8,10.1,17.7,0,2.0,1.8,NNW,37,12:30,13.3,89,7,NNE,13,1021.7,17.0,72,5,NNW,28,1019.3
2015-06-7,11.5,17.1,0,3.4,1.7,N,44,11:21,14.5,59,7,NNE,28,1023.8,16.2,58,7,N,26,1021.4
2015-06-6,5.6,20.1,0,1.8,7.5,N,28,10:10,12.1,81,6,NE,9,1029.4,19.6,44,7,NNW,17,1025.5
2015-06-5,12.8,16.6,0,2.6,8.1,SW,43,00:05,14.8,73,4,SW,17,1025.5,16.0,74,1,W,15,1026.1
2015-06-4,9.4,17.5,0.8,2.8,4.4,WSW,65,17:56,13.0,69,7,N,31,1017.2,16.2,59,1,WSW,37,1017.1
2015-06-3,4.7,16.2,0,1.8,8.4,NNW,37,14:19,10.9,50,1,NE,17,1024.3,15.5,44,1,NNW,20,1020.8
2015-06-2,4.2,14.6,0,0.8,8.4,WSW,26,13:53,10.0,59,5, ,Calm,1030.4,12.5,43,3,WSW,17,1027.1
2015-06-1,8.0,14.2,0,3.0,2.6,SW,26,13:06,11.1,66,7,NE,4,1028.2,13.4,42,6,ESE,13,1027.1
2015-05-31,11.8,16.7,1.2,1.2,5.4,W,46,13:32,14.9,72,3,W,20,1019.8,15.3,78,6,W,24,1018.6
2015-05-30,8.4,15.7,1.0,1.4,2.7,W,35,11:25,11.8,79,7,NNE,15,1023.9,13.1,96,7,NNW,13,1020.7
2015-05-29,10.3,16.6,0.8,2.2,5.2,W,26,16:54,13.9,77,7,NNE,7,1024.1,15.5,64,5,WNW,9,1023.3
2015-05-28,9.9,18.4,0,2.2,5.2,W,39,16:31,13.2,88,7,NNE,17,1019.3,17.8,71,6,WNW,22,1017.9
2015-05-27,11.1,18.7,0.2,2.8,8.5,WNW,28,11:19,15.3,73,3,NNE,13,1021.2,18.0,69,2,NNW,11,1018.9
2015-05-26,12.0,21.0,0,2.0,6.1,N,26,11:29,17.0,58,5,NNE,15,1025.3,20.2,42,5,NNW,15,1020.9
2015-05-25,9.3,19.3,0,0.8,7.8,N,20,11:16,14.7,67,1,ENE,9,1029.2,17.3,58,7,WSW,13,1025.9
2015-05-24,5.7,17.1,0,1.2,2.3,NNE,24,11:29,12.9,66,6,NNE,15,1029.1,15.8,60,7,N,13,1027.7
2015-05-23,3.7,15.3,0,2.2,8.5,WSW,20,14:37,9.8,79,5, ,Calm,1032.2,14.7,62,5,SW,13,1029.2
2015-05-22,6.2,16.4,0,1.0,6.8,SE,31,06:54,13.1,68,2,SE,9,1031.8,15.3,53,6,SSE,17,1030.9
2015-05-21,7.5,15.4,0.2,3.0,9.5,SW,30,14:50,11.0,77,6,SSE,2,1028.0,14.8,53,5,SW,22,1027.1
2015-05-20,11.6,15.7,0.8,2.2,7.7,WSW,41,00:19,13.2,74,5,S,15,1018.6,14.4,57,3,SSW,26,1019.8
2015-05-19,12.7,19.2,31.4,3.4,4.9,NNW,50,17:00,15.3,77,7,NNE,26,1010.8,17.8,68,7,NW,28,1007.8
2015-05-18,10.6,21.6,0,3.4,0.3,W,50,20:33,18.7,47,7,NE,22,1023.9,19.9,54,8,NE,17,1019.0
2015-05-17,3.7,21.0,0,1.2,9.5,NNE,26,11:48,11.4,80,0,WNW,6,1031.8,17.9,63,1,SW,13,1027.3
2015-05-16,5.8,15.9,0,1.4,9.3,SW,26,14:36,12.4,74,1, ,Calm,1035.7,15.2,61,2,SW,19,1031.6
2015-05-15,7.6,16.0,0,1.0,4.2,SSE,30,18:49,13.2,79,3,S,13,1038.5,15.3,65,7,SE,13,1036.0
2015-05-14,4.9,16.3,0,2.0,4.6,SSE,35,14:50,10.5,82,4,NE,11,1038.3,13.4,89,7,S,20,1036.8
2015-05-13,6.5,15.5,1.6,3.8,6.3,SSW,46,15:00,11.7,60,2,SSE,11,1032.1,13.4,56,7,SSW,31,1033.2
2015-05-12,13.7,16.7,1.6,2.0,3.3,SW,65,19:03,15.1,79,7,SW,30,1020.6,15.0,54,7,SW,31,1021.0
2015-05-11,14.7,17.1,2.2,2.8,0.9,WSW,50,04:27,16.3,74,7,SW,19,1020.6,16.2,78,7,SW,20,1020.3
2015-05-10,14.6,18.1,1.4,2.8,7.7,WNW,56,05:35,16.1,86,7,W,31,1014.1,17.2,75,5,WSW,35,1015.2
2015-05-9,12.9,18.2,3.4,2.4,,WNW,59,20:51,15.6,75,7,NW,26,1019.5,17.6,59,7,WNW,30,1016.7
2015-05-8,12.8,17.3,1.4,2.0,,W,44,00:00,14.3,75,7,W,24,1025.1,15.2,82,7,WNW,24,1022.4
2015-05-7,12.2,17.2,0.4,5.2,,SW,56,00:44,14.8,56,6,SW,28,1025.7,15.6,61,6,SW,22,1025.6
2015-05-6,12.1,17.8,0.6,5.0,,W,59,12:25,15.0,78,3,WNW,28,1019.3,16.8,61,5,WSW,31,1019.8
2015-05-5,11.3,16.3,4.4,7.2,,W,81,06:47,13.3,62,7,W,56,1008.0,15.1,47,3,W,43,1011.6
2015-05-4,12.6,26.7,0,3.0,,WNW,65,23:11,20.3,34,5,NNE,24,1010.6,26.6,19,4,N,31,1003.8
2015-05-3,11.0,20.6,0,2.6,6.2,WNW,24,11:02,15.2,83,3,NE,13,1021.0,18.1,56,7,W,13,1017.8
2015-05-2,13.9,20.3,0,3.2,7.5,NW,28,10:47,16.1,60,7,NNE,17,1019.2,19.1,62,3,WNW,17,1017.8
2015-05-1,8.0,22.4,0,4.8,7.5,NW,30,13:27,16.9,59,2,NNE,9,1023.3,22.1,39,8,N,9,1019.1
