100.0,100.0,true
2016-05-15,11.2,20.6,0,,,,,,16.4,85,0,N,9,1012.0,,,,,,1012.1
2016-05-14,15.1,19.8,1.8,,,,,,16.3,94,7,NNW,9,1015.0,,,,,,1016.3
2016-05-13,11.7,22.4,0,,,,,,16.8,79,3,N,13,1012.7,,,,,,1010.4
2016-05-12,9.8,21.0,0,,,,,,11.9,89,0,W,2,1015.4,,,,,,1012.1
2016-05-11,10.2,23.9,0,,,,,,13.9,83,0,N,2,1024.3,,,,,,1019.3
2016-05-10,7.3,20.0,0,,,,,,10.6,95,6,W,9,1028.2,,,,,,1025.7
2016-05-9,12.7,17.0,3.2,,,,,,14.0,96,7,W,6,1022.4,,,,,,1023.5
2016-05-8,10.6,15.5,2.0,,,,,,13.8,81,7,SW,33,1017.1,,,,,,1018.0
2016-05-7,10.6,16.4,8.8,,,,,,12.6,95,7,NW,9,1003.4,,,,,,1007.5
2016-05-6,10.3,19.6,0,,,,,,14.5,76,7,N,6,1010.4,,,,,,1004.9
2016-05-5,13.9,16.2,5.6,,,,,,15.6,81,6,WSW,15,1015.2,,,,,,1014.3
2016-05-4,13.0,21.3,0,,,,,,16.9,80,5,N,9,1014.3,,,,,,1010.4
2016-05-3,15.2,18.1,1.0,,,,,,16.8,72,2,SW,15,1020.3,,,,,,1018.6
2016-05-2,12.0,19.3,0.8,,,,,,15.7,84,7,NNW,4,1017.9,,,,,,1016.4
2016-05-1,10.7,17.2,0.6,,,,,,12.0,93,8,NW,6,1021.6,,,,,,1019.1
2016-04-30,12.9,15.5,6.0,,,,,,14.5,59,7,WSW,19,1018.3,,,,,,1018.9
2016-04-29,12.2,19.2,10.9,,,,,,16.1,78,3,NW,19,1009.1,,,,,,1008.7
2016-04-28,9.8,17.0,2.2,,,,,,15.2,74,7,NNE,39,1007.3,,,,,,1008.4
2016-04-27,9.0,15.8,17.2,,,,,,11.4,89,7,N,9,1015.4,,,,,,1014.4
2016-04-26,13.7,20.0,0,,,,,,18.0,72,4,W,19,1003.4,,,,,,1007.4
2016-04-25,17.0,22.6,2.6,2.8,,,,,18.0,92,7,W,6,1011.6,,,,,,1009.3
2016-04-24,15.4,24.4,0,3.2,1.5,,,,22.2,55,6,NW,11,1012.5,,,,,,1008.9
2016-04-23,14.2,26.0,0,12.4,,,,,17.7,68,4,NE,9,1023.7,,,,,,1018.1
2016-04-22,12.9,21.3,0,,,,,,17.8,68,3,ENE,19,1031.8,,,,,,1027.3
2016-04-21,15.2,19.9,1.4,,,,,,17.4,85,6,SE,2,1031.2,,,,,,1029.3
2016-04-20,14.0,20.2,0.4,3.4,,,,,16.0,96,6,W,4,1024.0,,,,,,1024.6
2016-04-19,14.0,20.5,1.6,,,,,,16.5,97,6,W,4,1015.2,,,,,,1015.7
2016-04-18,16.4,20.1,0.4,3.0,,,,,17.8,96,8,NW,9,1014.5,,,,,,1012.0
2016-04-17,17.7,22.9,1.0,2.0,4.5,,,,20.0,94,8,NNW,6,1013.7,,,,,,1012.2
2016-04-16,15.3,22.4,0.3,3.0,0.4,,,,18.0,92,8,E,28,1022.3,,,,,,1016.4
2016-04-15,15.8,20.0,0.6,5.0,1.6,,,,18.0,65,6,S,13,1028.8,,,,,,1026.9
2016-04-14,16.2,20.5,0,4.2,1.6,,,,17.6,94,8,W,4,1021.7,,,,,,1022.0
2016-04-13,16.2,25.0,9.8,1.2,8.4,,,,17.8,94,2,WNW,2,1019.1,,,,,,1017.1
2016-04-12,17.5,21.2,26.0,1.8,0.2,,,,18.4,91,7,NE,4,1021.9,,,,,,1018.7
2016-04-11,17.7,19.8,12.2,3.2,0.0,,,,20.1,88,7,E,35,1026.5,,,,,,1025.1
2016-04-10,16.0,20.1,0,4.0,6.5,,,,19.0,77,4,ESE,6,1027.8,,,,,,1026.3
2016-04-9,15.7,20.7,0,3.8,5.4,,,,19.0,90,5,E,9,1024.3,,,,,,1023.6
2016-04-8,10.0,20.1,0,1.8,10.5,,,,15.8,91,4,SE,6,1023.8,,,,,,1020.5
2016-04-7,12.5,19.5,0,3.2,6.5,,,,16.6,91,6,WNW,4,1028.2,,,,,,1025.1
2016-04-6,14.0,19.0,0,4.0,2.6,,,,16.5,93,7,S,13,1030.6,,,,,,1029.0
2016-04-5,14.2,17.4,0,4.6,1.5,,,,15.6,94,8,SSW,19,1025.5,,,,,,1026.9
2016-04-4,16.2,21.8,0,3.4,0.9,,,,17.5,94,8,WNW,9,1015.6,,,,,,1015.3
2016-04-3,15.7,24.6,0,6.0,,,,,19.0,73,2,ENE,9,1022.6,,,,,,1017.3
2016-04-2,12.8,21.0,0,,,,,,16.0,88,7,SW,2,1025.3,,,,,,1022.2
2016-04-1,16.3,20.0,2.0,5.8,,,,,18.0,81,8,SW,33,1016.6,,,,,,1018.1
2016-03-31,15.2,23.0,0,4.4,6.9,,,,19.8,78,4,NW,6,1014.8,,,,,,1011.7
2016-03-30,15.0,25.6,0,2.2,10.0,,,,18.8,73,1,NNE,4,1023.3,,,,,,1018.8
2016-03-29,13.4,21.8,0,4.6,3.9,,,,17.4,79,8,N,4,1026.9,,,,,,1023.8
2016-03-28,15.8,21.5,1.8,2.2,6.8,,,,18.6,73,5, ,Calm,1025.9,,,,,,1024.5
2016-03-27,15.7,21.0,8.4,1.0,7.6,,,,17.5,86,7,ENE,4,1023.6,,,,,,1022.0
2016-03-26,17.0,19.0,0,4.0,0.0,,,,17.8,97,8,E,28,1024.7,,,,,,1022.7
2016-03-25,,20.9,,3.0,1.3,,,,,,,,,1027.6,,,,,,1024.6
2016-03-24,15.7,,11.0,5.4,0.0,,,,18.9,80,6,SE,19,1027.5,,,,,,1026.8
2016-03-23,16.3,19.3,2.4,3.2,0.0,,,,16.5,93,8,SE,33,1023.2,,,,,,1022.5
2016-03-22,17.3,18.6,0,8.4,0.0,,,,17.3,96,8,SE,19,1017.2,,,,,,1017.5
2016-03-21,17.4,25.9,0,,,,,,22.4,80,1,E,7,1013.5,,,,,,1011.1
2016-03-20,18.5,23.0,0,4.0,,,,,20.8,88,6,ESE,19,1017.4,,,,,,1015.2
2016-03-19,16.1,23.0,0,4.0,7.5,,,,20.6,77,2,E,9,1016.1,,,,,,1012.8
2016-03-18,15.7,21.4,0,4.6,3.1,,,,19.0,73,6,E,19,1020.0,,,,,,1017.1
2016-03-17,15.8,19.5,0,4.6,3.2,,,,16.8,90,7,SW,15,1019.0,,,,,,1018.3
2016-03-16,17.7,20.0,18.0,12.8,10.0,,,,19.0,92,6,S,31,1011.3,,,,,,1012.6
2016-03-15,20.6,36.0,0,,,,,,28.8,68,3,NE,6,1008.8,,,,,,1005.3
2016-03-14,18.8,29.3,0.2,3.2,,,,,22.8,85,3,E,35,1019.4,,,,,,1014.9
2016-03-13,18.6,23.5,0.2,1.2,2.5,,,,19.0,100,8,SSE,31,1021.5,,,,,,1019.8
2016-03-12,18.2,21.8,0.2,4.4,0.4,,,,19.2,96,8,E,4,1020.4,,,,,,1017.8
2016-03-11,18.3,21.6,0,9.0,2.4,,,,20.0,78,7,SSW,4,1018.9,,,,,,1018.8
2016-03-10,17.8,22.2,0,,2.6,,,,20.8,85,7,SSW,4,1011.6,,,,,,1012.4
2016-03-9,17.4,24.8,0,6.8,,,,,22.0,69,1,NE,19,1016.1,,,,,,1011.3
2016-03-8,16.8,24.5,0,2.8,11.6,,,,21.5,62,1,NE,13,1018.3,,,,,,1015.7
2016-03-7,17.9,22.2,0.2,3.8,3.9,,,,20.2,65,4,E,19,1023.8,,,,,,1021.3
2016-03-6,16.8,21.1,0,7.4,1.0,,,,18.8,81,7,SSE,15,1023.4,,,,,,1022.9
2016-03-5,17.1,20.6,0.4,,,,,,17.5,90,8,S,19,1021.8,,,,,,1020.1
2016-03-4,15.7,22.0,0,4.0,,,,,19.8,72,6,WSW,15,1019.6,,,,,,1018.8
2016-03-3,17.1,22.2,0,4.2,2.6,,,,20.5,77,7,SE,15,1018.7,,,,,,1016.2
2016-03-2,11.6,22.8,0,10.2,10.6,,,,17.3,79,1,W,6,1022.8,,,,,,1019.5
2016-03-1,13.2,20.3,1.4,,,,,,17.8,68,7,W,9,1020.7,,,,,,1019.1
2016-02-29,15.2,25.1,0,4.4,,,,,18.8,84,8,NW,4,1013.3,,,,,,1011.4
2016-02-28,19.1,22.4,0,6.4,7.0,,,,20.9,87,8,WNW,15,1013.0,,,,,,1014.1
2016-02-27,17.8,26.8,0,5.2,11.7,,,,22.9,72,2,ENE,13,1014.8,,,,,,1010.9
2016-02-26,13.7,23.3,0,3.2,11.9,,,,19.8,72,1, ,Calm,1024.3,,,,,,1019.4
2016-02-25,12.9,21.5,0,4.0,4.1,,,,17.6,72,7,SW,15,1023.5,,,,,,1022.8
2016-02-24,15.0,18.5,7.4,3.4,6.7,,,,17.0,60,3,S,24,1019.4,,,,,,1019.0
2016-02-23,13.7,19.6,6.8,3.8,3.5,,,,15.5,96,6,SSW,4,1014.0,,,,,,1011.6
2016-02-22,18.5,23.8,3.5,6.6,3.8,,,,21.4,81,6,N,11,1010.5,,,,,,1012.5
2016-02-21,17.0,26.5,0,6.4,10.9,,,,22.9,72,1,E,6,1011.2,,,,,,1007.5
2016-02-20,17.7,23.8,0,6.4,9.6,,,,21.4,70,6,E,15,1017.7,,,,,,1012.4
2016-02-19,17.5,22.0,1.0,4.0,4.0,,,,21.3,77,7,SE,35,1023.2,,,,,,1020.8
2016-02-18,19.2,21.3,0,7.0,2.2,,,,19.8,79,7,S,35,1020.6,,,,,,1020.8
2016-02-17,18.2,26.0,0,7.8,10.5,,,,22.0,78,0,SE,11,1014.4,,,,,,1013.3
2016-02-16,15.7,25.9,0,8.4,12.7,,,,20.7,59,6,E,28,1022.5,,,,,,1017.1
2016-02-15,17.4,21.9,0,4.4,8.9,,,,18.4,63,7,SSE,9,1026.2,,,,,,1024.0
2016-02-14,17.8,21.8,0,3.2,4.5,,,,18.9,64,7,SSE,4,1025.5,,,,,,1023.7
2016-02-13,17.3,20.8,0,8.2,2.6,,,,18.8,58,7,WSW,22,1024.4,,,,,,1023.4
2016-02-12,18.6,23.0,0,4.8,9.3,,,,20.0,76,2,SSW,20,1018.2,,,,,,1017.5
2016-02-11,19.6,23.8,0,6.2,6.4,,,,20.9,84,8,SE,15,1015.7,,,,,,1012.7
2016-02-10,19.9,22.3,0,8.8,2.7,,,,20.3,78,8,SE,19,1019.0,,,,,,1017.2
2016-02-9,19.5,28.1,0,8.4,12.1,,,,25.5,68,0,WNW,6,1015.7,,,,,,1016.1
2016-02-8,19.0,27.2,0,4.4,10.2,,,,24.5,79,0,E,20,1019.2,,,,,,1015.4
2016-02-7,18.0,25.0,0,4.0,9.3,,,,20.4,85,6,SE,17,1020.9,,,,,,1019.0
2016-02-6,18.0,22.3,0,11.8,1.9,,,,20.7,81,6,S,9,1019.0,,,,,,1018.7
2016-02-5,16.3,32.0,0,5.4,12.9,,,,21.0,80,0,E,4,1015.5,,,,,,1014.7
2016-02-4,14.1,24.8,0,5.2,12.4,,,,20.8,62,0,E,6,1022.6,,,,,,1018.0
2016-02-3,15.2,21.3,0,4.6,11.6,,,,18.1,63,6,S,9,1024.0,,,,,,1021.8
2016-02-2,15.2,19.9,0,6.2,6.6,,,,17.4,66,6,SW,19,1018.5,,,,,,1019.2
2016-02-1,14.0,18.0,3.0,0.6,9.1,,,,15.8,65,7,WSW,19,1009.1,,,,,,1009.9
2016-01-31,18.5,21.2,7.0,5.0,0.8,,,,20.0,91,8,SSW,4,1000.3,,,,,,1002.9
2016-01-30,17.0,25.4,0,8.0,2.5,,,,22.4,60,7,NNE,11,1010.0,,,,,,1004.8
2016-01-29,17.5,23.5,0,5.2,11.0,,,,21.7,62,4,E,22,1019.7,,,,,,1015.7
2016-01-28,17.3,22.3,0,6.2,0.6,,,,18.9,71,8,SE,7,1022.8,,,,,,1021.2
2016-01-27,17.9,22.3,0,4.2,10.8,,,,20.5,69,4,SE,7,1020.3,,,,,,1020.0
2016-01-26,18.0,23.2,0.4,1.6,3.8,,,,20.4,85,7,SE,4,1016.2,,,,,,1015.8
2016-01-25,19.1,21.0,0,5.4,0.0,,,,20.2,78,8,ESE,15,1016.6,,,,,,1014.4
2016-01-24,18.3,22.0,0,5.8,2.9,,,,20.0,80,8,SE,15,1020.1,,,,,,1017.6
2016-01-23,15.9,22.2,0,4.8,10.1,,,,20.8,71,3,NE,4,1019.9,,,,,,1017.4
2016-01-22,15.2,22.3,0.8,2.0,8.5,,,,18.7,70,7,SSW,2,1019.8,,,,,,1018.4
2016-01-21,16.5,20.5,17.4,4.8,3.5,,,,17.3,67,4,S,15,1016.1,,,,,,1016.5
2016-01-20,18.5,19.4,6.6,3.4,0.0,,,,18.8,94,8,SE,28,1010.3,,,,,,1008.7
2016-01-19,17.4,21.9,24.2,5.6,0.1,,,,20.2,86,7,SE,28,1007.2,,,,,,1006.8
2016-01-18,18.8,21.0,15.0,6.2,0.0,,,,19.1,97,8,SE,9,1008.9,,,,,,1006.7
2016-01-17,19.5,24.2,0.2,7.8,6.8,,,,21.1,86,7,W,19,1012.0,,,,,,1010.8
2016-01-16,17.4,27.1,0,8.2,7.8,,,,23.2,67,5,SE,9,1016.0,,,,,,1010.8
2016-01-15,17.1,25.4,0,9.0,13.2,,,,22.8,49,1,ENE,15,1023.5,,,,,,1019.5
2016-01-14,16.2,23.2,0,8.0,10.2,,,,19.2,61,7,SE,31,1029.4,,,,,,1025.6
2016-01-13,16.9,21.3,0,6.2,9.1,,,,18.7,62,7,S,22,1026.5,,,,,,1027.2
2016-01-12,16.8,20.7,1.4,9.2,6.1,,,,18.2,80,8,SW,37,1013.1,,,,,,1015.5
2016-01-11,18.7,23.2,0,5.2,8.7,,,,21.5,76,8,W,9,1011.2,,,,,,1008.9
2016-01-10,19.5,24.7,0,16.6,7.8,,,,20.5,86,8,W,9,1012.4,,,,,,1010.3
2016-01-9,18.1,23.9,0,,,,,,21.4,78,5,ESE,22,1014.5,,,,,,1010.3
2016-01-8,17.7,22.5,0,8.2,,,,,21.9,78,3,E,17,1017.8,,,,,,1015.0
2016-01-7,18.8,,0,20.0,,,,,21.7,74,1,E,50,1022.6,,,,,,1020.5
2016-01-6,18.5,,0,,,,,,20.5,81,8,E,28,1021.3,,,,,,1020.5
2016-01-5,18.7,22.5,0,,,,,,19.6,92,8,SE,37,1016.7,,,,,,1015.4
2016-01-4,18.2,24.1,0,3.8,,,,,20.6,85,8,ESE,46,1015.2,,,,,,1012.2
2016-01-3,17.2,20.9,0,6.8,0.0,,,,18.5,95,8,E,46,1019.0,,,,,,1017.4
2016-01-2,16.8,24.0,0,8.0,10.3,,,,21.5,78,5,E,20,1017.4,,,,,,1014.6
2016-01-1,,23.0,,7.2,5.1,,,,,,,,,1023.4,,,,,,1020.5
2015-11-30,15.5,17.8,0,7.0,4.4,,,,16.7,58,7,WSW,33,1020.0,,,,,,1020.2
2015-11-29,11.0,20.9,0,4.6,7.0,,,,18.2,61,7,WNW,11,1017.1,,,,,,1015.5
2015-11-28,15.8,19.0,0.5,1.6,5.6,,,,17.0,80,6,S,28,1018.0,,,,,,1017.6
2015-11-27,15.7,19.5,0,4.0,0.5,,,,17.8,73,8,SSW,24,1016.8,,,,,,1015.6
2015-11-26,12.6,18.4,1.4,5.0,1.8,,,,16.4,68,7,E,19,1022.9,,,,,,1020.2
2015-11-25,14.7,17.7,0.6,5.4,1.1,,,,16.8,60,8,S,31,1018.5,,,,,,1018.9
2015-11-24,15.6,18.4,1.2,7.8,6.7,,,,16.5,85,7,S,31,1016.2,,,,,,1016.2
2015-11-23,17.3,21.9,0,4.0,10.2,,,,20.0,81,5,SE,7,1014.1,,,,,,1012.1
2015-11-22,15.5,21.1,0,7.2,10.6,,,,19.2,76,7,ESE,15,1021.5,,,,,,1017.4
2015-11-21,14.2,21.1,0,6.2,11.9,,,,18.4,57,3,SSW,20,1027.5,,,,,,1023.6
2015-11-20,13.6,18.8,0.2,5.4,8.5,,,,15.7,60,7,SSE,9,1029.8,,,,,,1028.0
2015-11-19,10.9,17.3,4.6,6.6,8.7,,,,15.0,77,7,SW,46,1019.5,,,,,,1022.2
2015-11-18,13.2,20.0,0,8.0,10.3,,,,18.9,47,6,NW,31,1010.7,,,,,,1011.0
2015-11-17,14.9,29.6,0,8.0,11.1,,,,25.8,48,0,N,9,1002.0,,,,,,1002.5
2015-11-16,15.7,26.0,0,8.0,11.1,,,,17.3,86,2,S,4,1014.5,,,,,,1010.7
2015-11-15,18.0,22.9,5.0,7.8,12.2,,,,21.6,86,4,WSW,13,1011.9,,,,,,1012.5
2015-11-14,17.2,25.1,0,7.0,10.8,,,,23.4,73,0,ENE,15,1016.0,,,,,,1009.8
2015-11-13,15.2,23.6,0,5.6,12.7,,,,19.5,90,4,SE,31,1024.0,,,,,,1021.4
2015-11-12,16.6,21.5,0,4.0,11.4,,,,18.8,81,4,SSE,6,1022.8
2015-11-11,16.2,21.6,0,4.0,5.2,,,,18.9,85,8,S,7,1018.0,,,,,,1018.1
2015-11-10,15.0,20.4,0,2.6,6.0,,,,18.1,84,8,E,19,1021.1,,,,,,1016.5
2015-11-9,14.8,18.4,3.0,4.6,0.1,,,,16.9,80,8,SE,37,1024.2,,,,,,1023.5
2015-11-8,12.2,19.2,0,2.2,7.1,,,,18.0,82,6,SSW,9,1019.1,,,,,,1018.5
2015-11-7,15.8,18.2,0.6,2.2,0.1,,,,16.8,91,8,SSW,7,1014.1,,,,,,1015.2
2015-11-6,17.1,18.8,0,3.6,0.3,,,,18.2,86,8,S,28,1009.4,,,,,,1009.3
2015-11-5,13.5,20.8,0,5.4,4.1,,,,17.8,80,6,NW,9,1007.1,,,,,,1005.8
2015-11-4,11.0,21.5,0,4.6,12.4,,,,17.2,76,1,S,4,1015.1,,,,,,1010.9
2015-11-3,10.3,20.1,0,4.2,12.8,,,,17.6,68,5,SSW,4,1019.5,,,,,,1017.0
2015-11-2,15.2,19.3,0,3.2,7.2,,,,17.1,81,8,E,22,1011.2,,,,,,1013.1
2015-11-1,13.2,18.7,0,4.0,3.6,,,,16.5,65,6,ESE,24,1016.4,,,,,,1011.8
2015-10-31,15.6,19.0,19.6,7.8,1.7,,,,18.0,74,8,SW,30,1015.5,,,,,,1015.9
2015-10-30,15.6,24.8,0,4.0,7.6,,,,19.0,84,2,SW,4,1013.2,,,,,,1010.9
2015-10-29,16.5,20.6,0,1.4,6.2,,,,17.6,92,8,SSW,6,1017.4,,,,,,1014.7
2015-10-28,15.6,18.8,3.2,2.4,0.7,,,,17.0,91,8,E,19,1018.1,,,,,,1016.5
2015-10-27,15.1,18.8,1.2,2.2,1.6,,,,17.0,85,8,E,31,1019.1,,,,,,1017.5
2015-10-26,13.6,17.5,0.4,1.8,1.6,,,,16.1,76,8,SSW,35,1023.3,,,,,,1021.2
2015-10-25,14.0,17.5,1.6,2.2,2.0,,,,16.0,81,7,SE,13,1024.7
2015-10-24,15.1,17.2,0.6,6.0,1.9,,,,15.6,94,8,SSW,17,1020.6,,,,,,1020.7
2015-10-23,14.8,21.2,0,4.4,9.2,,,,20.0,67,6,W,19,1010.5,,,,,,1011.8
2015-10-22,16.4,,0,6.0,7.0,,,,19.8,87,7,E,19,1015.3,,,,,,1010.7
2015-10-21,12.8,20.5,0,4.0,11.9,,,,19.0,84,1,E,7,1021.4,,,,,,1018.0
2015-10-20,10.1,19.6,0,4.4,11.9,,,,16.5,84,7,W,4,1023.5,,,,,,1021.3
2015-10-19,11.3,17.8,15.2,5.2,9.9,,,,15.7,82,4,WSW,9,1021.4,,,,,,1020.7
2015-10-18,13.5,20.0,0.4,5.4,7.8,,,,17.9,86,5,WSW,13,1014.0,,,,,,1013.0
2015-10-17,10.5,21.0,0.1,6.8,12.0,,,,18.9,82,0,E,9,1021.7,,,,,,1015.3
2015-10-16,8.5,19.5,1.8,2.4,12.3,,,,16.5,75,2,NW,4,1022.5,,,,,,1020.5
2015-10-15,10.0,16.7,4.2,3.6,5.2,,,,14.0,89,6,W,15,1020.4,,,,,,1020.3
2015-10-14,14.2,18.4,0.4,4.8,4.4,,,,16.8,80,7,SSW,19,1012.3,,,,,,1011.0
2015-10-13,14.7,23.5,0.4,6.2,6.6,,,,17.4,87,8,SSW,19,1013.7,,,,,,1007.1
2015-10-12,13.9,21.6,0,4.0,11.5,,,,18.9,81,1,E,13,1021.6,,,,,,1016.1
2015-10-11,9.0,19.6,0,4.2,9.7,,,,16.8,80,7,E,11,1026.6,,,,,,1024.8
2015-10-10,14.4,19.0,0,4.0,7.6,,,,17.0,81,8,W,7,1024.3,,,,,,1024.1
2015-10-9,11.4,22.2,0,3.8,9.9,,,,16.8,90,1,S,4,1024.5,,,,,,1019.7
2015-10-8,10.3,21.6,0,13.0,,,,,18.4,76,1,WSW,2,1023.5,,,,,,1022.5
2015-10-7,8.6,21.1,0,,,,,,15.4,72,1,NE,22,1028.9,,,,,,1022.7
2015-10-6,9.4,16.0,6.2,,,,,,13.8,73,8,S,7,1030.2,,,,,,1030.1
2015-10-5,12.2,15.9,4.2,7.4,,,,,15.0,74,6,W,33,1012.1,,,,,,1015.9
2015-10-4,12.0,24.8,0,5.4,10.2,,,,18.2,69,6,WNW,7,1016.6,,,,,,1011.7
2015-10-3,14.3,21.5,0,13.4,,,,,18.0,71,3,W,4,1020.2,,,,,,1018.1
2015-10-2,17.0,25.9,0,,,,,,21.1,77,6,SSW,15,1017.8,,,,,,1015.3
2015-10-1,14.2,31.2,0,4.4,,,,,18.1,81,0,SSW,6,1020.7,,,,,,1015.8
2015-09-30,12.7,24.4,0,4.4,11.1,,,,19.2,78,4,W,9,1021.4,,,,,,1021.0
2015-09-29,12.5,19.8,0,3.6,8.5,,,,17.0,70,4,WSW,9,1016.0,,,,,,1015.1
2015-09-28,11.9,21.7,0,2.8,10.8,,,,16.3,74,2,ENE,9,1019.4,,,,,,1014.6
2015-09-27,12.6,16.5,3.2,4.4,7.3,,,,13.8,70,6,SE,37,1029.3,,,,,,1026.2
2015-09-26,11.6,18.2,0,4.4,4.0,,,,15.4,55,7,W,2,1025.4,,,,,,1025.0
2015-09-25,13.2,18.1,0,5.2,9.6,,,,17.1,73,4,SW,19,1020.5,,,,,,1019.4
2015-09-24,13.2,29.6,0,6.4,8.3,,,,21.5,52,6,NNE,30,1019.7,,,,,,1015.5
2015-09-23,10.5,26.1,0,3.2,11.1,,,,18.5,54,0,NE,15,1027.5,,,,,,1023.1
2015-09-22,9.0,21.0,0,1.4,10.0,,,,14.2,76,0,NE,15,1031.7,,,,,,1027.4
2015-09-21,9.5,18.0,0,2.2,4.2,,,,13.0,94,6,SE,19,1032.4,,,,,,1030.3
2015-09-20,9.5,14.5,0.2,3.8,0.1,,,,12.0,76,8,SW,2,1031.5,,,,,,1029.6
2015-09-19,12.0,14.6,3.8,4.2,6.5,,,,12.9,73,6,SW,56,1026.0,,,,,,1027.7
2015-09-18,8.5,17.9,0,4.0,9.4,,,,13.0,94,0,W,7,1021.0,,,,,,1018.7
2015-09-17,7.1,20.0,0,1.0,10.7,,,,13.5,67,0,NE,9,1028.0,,,,,,1023.3
2015-09-16,9.8,15.8,0,2.2,7.1,,,,12.5,66,8,N,4,1030.3,,,,,,1027.3
2015-09-15,11.2,13.4,0.5,4.2,0.0,,,,11.8,67,8,S,6,1029.1,,,,,,1028.6
2015-09-14,9.5,15.0,3.2,3.0,3.3,,,,13.0,94,8,NW,7,1022.6,,,,,,1024.4
2015-09-13,10.0,15.6,11.4,2.6,7.3,,,,14.0,67,4,S,22,1020.7,,,,,,1022.1
2015-09-12,10.7,14.5,6.2,4.2,2.5,,,,12.6,86,7,SSW,6,1012.2,,,,,,1011.8
2015-09-11,10.0,21.5,5.0,3.0,7.6,,,,16.2,68,2,SSW,22,1013.1,,,,,,1010.5
2015-09-10,14.5,22.5,0,5.2,3.4,,,,21.2,48,6,N,7,1008.6,,,,,,1009.8
2015-09-9,9.0,27.9,0,4.0,8.3,,,,15.0,76,6, ,Calm,1019.8,,,,,,1015.0
2015-09-8,8.6,25.4,0,3.8,10.0,,,,12.8,80,3,W,2,1025.2,,,,,,1021.6
2015-09-7,7.6,20.1,0,2.2,10.1,,,,14.0,67,1,SSW,4,1030.5,,,,,,1027.1
2015-09-6,9.7,16.4,0.4,,1.2,,,,12.5,68,8,NW,7,1027.8,,,,,,1026.8
2015-09-5,10.6,15.1,1.2,2.0,6.7,,,,13.5,80,6,W,7,1016.7,,,,,,1019.7
2015-09-4,8.6,18.7,0,2.0,4.3,,,,10.8,87,7,SSW,2,1015.0,,,,,,1012.5
2015-09-3,9.4,16.0,0,1.4,3.9,,,,12.1,75,7,SSW,2,1026.6,,,,,,1023.2
2015-09-2,8.9,14.3,1.2,2.6,3.8,,,,13.1,63,6,SE,19,1028.0,,,,,,1026.3
2015-09-1,7.2,15.5,16.6,6.2,6.0,,,,10.0,73,6,SW,56,1020.9,,,,,,1022.6
2015-08-31,8.2,16.8,0.8,2.8,4.2,,,,12.8,68,3,SSW,7,1015.0,,,,,,1011.6
2015-08-30,10.5,15.4,7.4,3.4,8.1,,,,12.2,80,7,NNW,4,1017.6,,,,,,1018.8
2015-08-29,11.1,20.6,0.8,0.6,3.1,,,,15.3,88,3,SSW,7,1011.7,,,,,,1006.6
2015-08-28,11.7,21.8,0,6.0,7.8,,,,16.5,78,3,SSW,7,1014.2,,,,,,1012.6
2015-08-27,8.6,22.1,0,2.0,8.8,,,,13.0,77,3,N,2,1021.3,,,,,,1017.2
2015-08-26,6.5,19.0,0,3.6,5.9,,,,9.5,84,8, ,Calm,1023.0,,,,,,1020.0
2015-08-25,6.0,18.1,1.2,1.0,10.7,,,,10.8,82,1,ENE,7,1030.0,,,,,,1025.0
2015-08-24,9.7,15.8,2.0,2.4,6.8,,,,11.4,87,6,E,6,1034.0,,,,,,1031.5
2015-08-23,10.7,15.1,3.0,2.4,4.8,,,,13.5,80,6,SE,22,1029.5,,,,,,1029.9
2015-08-22,8.4,15.3,18.2,2.4,3.5,,,,14.0,79,8,S,50,1017.2,,,,,,1020.3
2015-08-21,9.3,17.2,3.8,2.0,3.1,,,,11.3,85,5,SSW,6,1010.1,,,,,,1007.4
2015-08-20,11.3,15.6,7.4,3.0,6.6,,,,13.0,100,7,WSW,39,1006.4,,,,,,1008.2
2015-08-19,12.6,17.6,0.2,2.8,7.0,,,,14.8,78,6,NNW,30,1009.8,,,,,,1006.1
2015-08-18,12.4,19.0,8.2,2.6,7.9,,,,15.5,84,1,WNW,6,1012.0,,,,,,1010.0
2015-08-17,12.2,19.5,0.2,1.0,0.8,,,,13.8,93,8,SSW,2,1019.0,,,,,,1013.1
2015-08-16,10.3,,0,3.0,9.9,,,,12.8,93,4, ,Calm,1022.6,,,,,,1019.6
2015-08-15,9.5,24.5,0,4.0,9.4,,,,13.4,85,1,SSW,2,1024.1,,,,,,1020.9
2015-08-14,7.6,18.8,0,0.4,8.8,,,,10.0,93,1,SSW,2,1025.6,,,,,,1022.7
2015-08-13,12.0,17.7,0.6,1.0,3.8,,,,14.8,76,6,NW,2,1025.8,,,,,,1023.4
2015-08-12,11.7,16.5,1.4,2.0,4.0,,,,13.0,93,4, ,Calm,1029.3,,,,,,1027.2
2015-08-11,11.5,14.8,8.6,3.0,4.4,,,,13.4,79,6,WSW,39,1025.4,,,,,,1026.7
2015-08-10,7.5,15.6,4.8,1.2,4.5,,,,11.7,96,7,NNW,20,1012.7,,,,,,1011.3
2015-08-9,8.0,13.1,21.2,3.6,6.1,,,,8.5,93,6,NW,11,1020.5,,,,,,1018.9
2015-08-8,9.4,12.5,0.6,0.8,2.0,,,,11.5,92,8,NNW,7,1008.5,,,,,,1007.8
2015-08-7,10.6,16.1,1.0,1.2,0.4,,,,11.5,91,8,NE,4,1016.0,,,,,,1011.9
2015-08-6,7.1,17.2,0,1.8,4.4,,,,11.0,87,4,NW,11,1025.1,,,,,,1021.1
2015-08-5,6.9,15.5,0,1.0,7.4,,,,8.8,92,6,NW,2,1032.6,,,,,,1029.0
2015-08-4,10.2,15.5,4.6,1.8,1.2,,,,12.7,92,8, ,Calm,1035.4,,,,,,1033.1
2015-08-3,7.5,15.9,1.2,1.4,4.4,,,,10.6,97,4, ,Calm,1036.2,,,,,,1033.8
2015-08-2,11.0,15.6,3.4,2.0,6.0,,,,11.2,95,6,NW,4,1033.6,,,,,,1032.8
2015-08-1,12.3,14.0,0.4,1.4,0.6,,,,13.0,63,7,S,28,1026.2,,,,,,1027.7
2015-07-31,12.5,14.4,15.2,4.2,0.0,,,,12.8,93,8,SSE,37,1016.2,14.0,71,8,SE,37,1016.5
2015-07-30,11.9,16.8,3.0,1.6,0.3,,,,14.2,84,8,E,6,1023.1,15.8,82,8,E,19,1019.5
2015-07-29,7.6,18.7,0,0.0,3.1,,,,12.0,95,8,S,2,1017.4,17.9,85,6,NW,2,1016.0
2015-07-28,,17.2,0,2.0,0.0,,,,12.2,72,7,SSW,2,1021.3,16.0,56,7,N,6,1015.4
2015-07-27,5.0,18.2,0,1.0,6.9,,,,8.1,78,7,SSW,6,1031.8,17.5,55,7,SSW,4,1027.1
2015-07-26,8.1,15.5,4.6,1.0,6.1,,,,11.8,76,5,NNE,2,1032.8,14.3,64,2,ESE,2,1031.0
2015-07-25,10.8,14.4,3.0,2.2,0.8,,,,12.8,91,8,SW,6,1024.4,13.5,70,6,SW,30,1025.7
2015-07-24,10.3,15.9,0.6,2.0,4.8,,,,11.6,78,7,NNW,9,1024.4,15.0,60,6,W,41,1022.9
2015-07-23,9.7,14.0,10.0,3.2,5.0,,,,12.4,70,6,SSW,56,1017.2,12.4,72,6,SSW,39,1019.8
2015-07-22,8.0,18.5,0.2,1.8,9.2,,,,12.8,70,2,N,9,1015.1,18.0,53,5,N,28,1011.2
2015-07-21,6.0,15.0,8.0,4.0,8.1,,,,8.2,81,2,NW,6,1011.5,13.9,58,4,WSW,28,1013.6
2015-07-20,12.0,17.5,7.4,1.4,5.8,,,,14.4,76,2,SSW,20,1003.9,14.2,67,3,SSW,33,1000.2
2015-07-19,11.1,17.4,0.4,2.0,0.2,,,,12.8,93,8, ,Calm,1015.3,16.2,68,7,SSW,33,1010.2
2015-07-18,12.4,18.4,0,1.2,7.8,,,,13.2,91,1,SSW,7,1023.1,17.3,74,4,SSW,4,1021.5
2015-07-17,9.6,18.5,0,2.4,4.6,,,,12.7,58,3,SSW,9,1022.7,17.7,51,7, ,Calm,1019.6
2015-07-16,6.2,15.7,0,2.2,9.1,,,,10.8,73,1,ENE,11,1030.3,14.8,55,1,ENE,19,1026.2
2015-07-15,11.0,15.7,2.2,2.2,2.8,,,,12.0,75,6,NNE,7,1034.5,14.9,59,7,ENE,11,1031.5
2015-07-14,9.4,15.5,0,0.2,2.5,,,,11.2,90,4, ,Calm,1034.0,15.0,73,7,SE,31,1032.8
2015-07-13,7.1,16.8,0,1.0,6.2,,,,10.0,78,4, ,Calm,1034.4,15.1,66,7,SSW,4,1031.7
2015-07-12,10.4,15.7,5.0,1.2,0.6,,,,11.5,70,7,NW,13,1033.7,15.0,63,6,W,2,1031.8
2015-07-11,9.8,14.9,0.7,1.6,1.7,,,,10.8,90,6,N,7,1034.5,12.1,93,4,SW,2,1033.2
2015-07-10,10.1,14.9,4.4,2.4,2.3,,,,13.8,69,7,SW,46,1025.3,13.8,58,4,S,48,1027.5
2015-07-9,8.5,15.3,1.0,1.0,3.8,,,,10.3,72,6,SSW,6,1026.6,14.0,63,7,W,11,1022.0
2015-07-8,10.0,14.0,17.6,2.8,4.3,,,,11.0,80,6,SW,52,1024.7,13.5,46,6,SSW,19,1025.1
2015-07-7,11.0,19.0,0.2,2.6,3.4,,,,14.8,75,4,W,7,1016.5,13.3,89,8,S,39,1015.7
2015-07-6,8.6,19.8,0,1.8,6.2,,,,11.1,89,2,N,2,1020.8,18.7,60,6,N,19,1017.6
2015-07-5,10.5,17.6,2.2,2.2,6.3,,,,12.0,88,6,SW,11,1020.6,16.5,65,6,SW,11,1019.2
2015-07-4,12.8,19.6,1.7,0.2,5.0,,,,14.6,86,6,SSW,9,1020.7,18.5,58,6,NNW,11,1018.2
2015-07-3,11.0,20.2,0.6,1.0,2.4,,,,14.0,89,7,S,2,1021.5,16.8,93,8,S,4,1020.3
2015-07-2,11.5,18.4,1.4,1.2,0.3,,,,13.4,86,8,N,4,1023.5,17.0,85,6,NNW,9,1020.8
2015-07-1,8.7,19.5,0,0.6,5.2,,,,12.1,87,4, ,Calm,1025.1,18.2,82,6,E,28,1023.5
2015-06-30,6.8,19.4,0,1.2,3.6,,,,9.7,80,6,N,2,1024.1,18.5,55,6,N,2,1021.1
2015-06-29,6.1,19.0,0,2.0,9.0,,,,8.0,89,0,NW,2,1026.8,17.0,61,1,NW,2,1024.1
2015-06-28,7.5,19.0,0,1.0,8.2,,,,10.9,62,1,NNE,2,1032.7,17.0,52,4,NE,31,1029.2
2015-06-27,5.7,16.5,0,1.6,6.9,,,,8.0,86,7,N,4,1034.2,15.8,61,5,SE,9,1031.8
2015-06-26,8.5,16.8,2.6,2.2,3.2,,,,12.5,82,5,SSW,4,1029.4,15.8,59,7,S,2,1029.2
2015-06-25,7.7,19.5,0,1.0,8.5,,,,8.7,88,0,W,7,1026.8,19.0,61,1,NNW,22,1022.4
2015-06-24,5.0,17.5,0,1.2,9.2,,,,8.3,85,0,N,9,1029.7,16.5,58,0,NNW,19,1027.6
2015-06-23,5.7,16.4,5.6,1.2,8.2,,,,8.7,85,1,NNW,4,1029.3,15.0,54,4,NW,7,1027.7
2015-06-22,9.2,13.8,17.8,3.8,2.6,,,,12.5,72,6,SSW,50,1017.4,11.2,85,7,SW,59,1021.2
2015-06-21,13.6,18.7,1.4,4.0,5.1,,,,14.8,86,7, ,Calm,1002.2,12.5,84,7,W,35,1000.6
2015-06-20,13.6,21.3,0.2,0.0,6.4,,,,17.8,82,2,NNW,6,1008.8,18.8,77,5,NW,7,1006.8
2015-06-19,12.5,20.5,3.6,1.6,4.8,,,,13.9,89,2,NE,2,1014.2,20.0,72,2,N,2,1011.9
2015-06-18,12.5,16.1,0.2,1.2,0.1,,,,13.5,73,7,E,30,1017.4,15.0,76,8,ENE,19,1014.6
2015-06-17,12.0,15.0,0,2.2,0.1,,,,13.0,77,8,SE,19,1021.7,14.5,68,8,ENE,19,1019.7
2015-06-16,12.2,19.0,2.2,3.0,5.2,,,,13.2,92,7,NE,4,1024.1,17.8,60,4,ESE,17,1021.6
2015-06-15,13.6,18.8,1.2,1.2,5.9,,,,16.2,78,6,SE,15,1023.1,17.7,66,2,SE,11,1021.4
2015-06-14,12.5,16.9,0.4,0.8,7.7,,,,15.0,68,6,SW,28,1024.2,15.5,69,4,S,19,1023.1
2015-06-13,13.5,16.0,3.8,2.0,6.0,,,,14.8,67,3,S,15,1022.8,14.0,67,7,S,26,1022.6
2015-06-12,13.3,18.2,0.2,1.6,1.1,,,,15.0,81,7,NW,4,1018.2,15.3,87,7,SSW,28,1018.6
2015-06-11,10.3,21.8,0,1.6,6.0,,,,14.0,67,2,N,4,1020.8,20.9,50,7,NE,6,1016.6
2015-06-10,9.5,20.6,0,2.2,8.9,,,,12.0,76,0,NNE,11,1027.4,20.2,49,0,ENE,15,1023.0
2015-06-9,13.1,20.5,1.6,1.2,7.7,,,,14.6,82,2,NE,6,1031.2,19.8,49,1,NE,19,1027.5
2015-06-8,13.9,17.0,0,3.8,0.1,,,,14.9,84,6,W,9,1027.1,16.6,69,7,S,9,1027.5
2015-06-7,12.8,18.1,1.4,3.4,2.4,,,,13.8,85,7,NW,6,1023.8,16.1,83,7,W,15,1022.8
2015-06-6,13.6,20.4,0,0.4,7.9,,,,15.2,82,1,NNW,7,1019.6,18.2,74,7,W,39,1018.3
2015-06-5,14.0,22.5,0,1.6,7.9,,,,16.5,79,4,NW,11,1020.2,21.5,60,4,NNE,6,1017.1
2015-06-4,14.6,23.0,4.6,1.8,7.8,,,,17.5,78,1,NW,19,1020.6,22.0,58,1,NW,11,1019.6
2015-06-3,14.0,20.0,4.2,5.0,3.4,,,,18.0,71,4,NNW,31,1010.4,18.5,82,8,NW,13,1013.7
2015-06-2,11.0,21.0,2.2,3.4,8.3,,,,14.6,72,1,NNW,19,1008.7,20.1,47,1,N,31,1006.9
2015-06-1,9.0,21.0,0,2.4,5.7,,,,10.8,75,6,NNE,4,1019.5,20.0,42,6,NE,9,1015.0
2015-05-31,6.0,19.5,0,1.4,9.0,,,,12.0,67,1,NW,11,1023.8,18.8,56,3,NW,7,1020.8
2015-05-30,8.3,18.0,3.2,0.6,8.7,,,,10.5,91,1,ESE,4,1027.8,17.2,64,1,NW,2,1025.0
2015-05-29,6.3,16.7,0,3.6,6.7,,,,10.5,81,5,SW,4,1028.2,15.5,66,6,SSW,4,1025.6
2015-05-28,10.5,14.2,6.4,0.2,1.0,,,,11.5,94,7,SSW,6,1025.4,13.5,72,7,NNW,7,1025.0
2015-05-27,10.5,17.0,0,2.6,2.3,,,,12.0,70,8,NW,4,1022.2,16.0,64,7,WSW,19,1019.8
2015-05-26,12.3,16.0,1.6,2.6,3.6,,,,15.0,79,3,SW,28,1021.3,15.0,63,7,W,37,1022.3
2015-05-25,10.0,20.5,0,0.6,4.8,,,,13.8,64,5,NNW,4,1021.8,17.4,76,7,W,33,1019.4
2015-05-24,10.6,20.5,0.8,1.4,6.1,,,,14.8,72,3,SSW,6,1022.3,18.5,58,6,N,2,1020.7
2015-05-23,7.0,20.1,0,1.2,6.9,,,,10.8,87,1,SSW,4,1017.0,17.0,70,6,W,33,1016.9
2015-05-22,8.2,17.3,0.1,2.2,5.5,,,,10.0,72,7,SSW,13,1023.1,16.8,67,1,SE,20,1018.9
2015-05-21,10.5,17.8,1.9,1.0,4.8,,,,12.0,82,7, ,Calm,1031.1,12.0,82,4,SE,2,1027.0
2015-05-20,,15.5,,1.4,1.0,,,,,,,,,1032.1,14.5,73,6, ,Calm,1030.9
2015-05-19,11.8,,7.4,1.0,2.6,,,,13.1,65,7,SSE,31,1026.6,12.5,79,6,S,4,1028.0
2015-05-18,12.3,17.0,6.4,2.8,1.2,,,,16.5,80,4,SW,37,1011.2,15.0,86,7,SW,37,1015.3
2015-05-17,12.3,19.4,0.8,3.8,2.7,,,,13.8,78,5,ENE,22,1005.4,15.5,82,7,ENE,9,1001.2
2015-05-16,17.6,22.2,0,7.2,1.8,,,,17.9,44,8,NNW,24,1013.2,21.0,41,7,NNW,46,1007.8
2015-05-15,11.8,22.5,0,3.6,4.3,,,,17.7,29,2,NE,15,1024.1,21.0,31,8,NNE,6,1020.3
2015-05-14,11.5,23.1,0,3.8,9.3,,,,15.5,49,0,NE,13,1029.1,22.6,35,1,E,4,1025.5
2015-05-13,11.0,20.2,0,2.6,9.7,,,,13.0,66,0,NE,15,1033.6,19.5,49,1,SE,19,1029.0
2015-05-12,14.5,18.5,0.6,0.2,1.5,,,,16.5,69,8,SE,19,1032.6,18.5,78,6,SE,26,1031.8
2015-05-11,14.9,18.0,0.2,2.8,0.6,,,,15.8,79,8,W,6,1030.2,16.2,87,7,SW,15,1029.0
2015-05-10,15.3,19.0,0.2,8.0,2.9,,,,17.0,85,6,W,4,1029.0,17.5,87,7,WSW,35,1028.1
2015-05-9,12.4,18.8,1.0,0.2,2.6,,,,15.1,88,5,NNW,6,1026.7,17.5,75,7,SW,33,1026.0
2015-05-8,7.6,18.6,0,3.2,5.1,,,,12.8,83,7,W,2,1027.2,17.7,74,5,W,20,1025.0
2015-05-7,9.6,19.5,0,1.8,8.1,,,,12.2,86,6,S,7,1031.8,17.3,66,5,WSW,22,1029.0
2015-05-6,12.2,17.5,10.6,3.6,5.7,,,,14.0,94,6, ,Calm,1029.7,16.5,64,3,S,9,1028.4
2015-05-5,9.2,17.5,3.5,3.6,6.7,,,,14.2,82,6,NW,7,1026.6,15.1,75,6,WNW,9,1025.1
2015-05-4,9.9,14.6,8.4,4.4,5.6,,,,10.6,71,6,SW,63,1017.1,13.8,67,6,W,46,1020.5
2015-05-3,9.3,19.9,0,2.8,4.9,,,,14.7,64,3,NW,15,1010.5,16.2,87,8,NNW,11,1006.2
2015-05-2,6.9,19.5,0,2.8,7.5,,,,10.1,82,0,W,2,1019.9,16.8,55,6,SW,17,1015.2
2015-05-1,14.6,16.5,4.6,2.6,7.4,,,,15.5,53,5,SW,46,1019.9,15.8,55,4,SW,46,1019.7
