301.0,3.0,true
2016-05-28,10.8,15.0,0,,,WSW,54,00:01,14.2,63,,NNE,9,1006.6,14.5,64,8,W,20,1006.0
2016-05-27,11.8,,0,,,WSW,89,13:36,14.4,45,,W,26,1002.5,16.3,37,,WSW,46,1001.1
2016-05-26,9.5,20.7,0,,,W,57,15:25,14.1,73,8, ,Calm,1006.1,19.9,49,7,WNW,24,999.7
2016-05-25,11.1,19.6,0,,,WSW,44,03:34,15.6,45,,WNW,15,1017.3,17.7,43,,NE,13,1013.2
2016-05-24,11.4,20.9,,,,WSW,41,14:42,15.7,48,,WNW,20,1017.6,20.2,30,,WSW,28,1013.7
2016-05-23,8.7,25.6,0,,,WSW,69,14:29,18.0,87,,SE,6,1012.5,20.9,25,,W,37,1013.0
2016-05-22,10.6,22.8,0,,,NE,22,13:43,18.9,84,, ,Calm,1023.7,21.0,75,,ENE,17,1019.7
2016-05-21,9.9,21.0,0,,,NE,20,13:11,17.3,82,, ,Calm,1027.2,18.8,77,6,NE,13,1023.9
2016-05-20,14.3,23.4,0,,,W,54,08:04,19.4,52,,WSW,33,1019.5,20.0,64,,E,17,1019.3
2016-05-19,12.5,22.0,0,,,W,63,14:14,17.1,47,,WSW,33,1016.2,21.3,36,,W,28,1013.0
2016-05-18,6.9,21.7,0,,,W,54,21:48,15.7,56,,W,6,1019.0,21.1,37,3,ENE,9,1014.5
2016-05-17,8.6,26.7,0,,,W,57,11:22,17.4,65,,NW,4,1015.9,25.8,29,,WSW,24,1014.0
2016-05-16,10.0,22.5,0,,,W,33,00:30,18.7,76,, ,Calm,1021.3,21.8,69,,NE,22,1016.7
2016-05-15,6.4,25.3,0,,,WNW,44,14:16,19.6,62,5, ,Calm,1016.7,24.5,34,,WNW,22,1012.2
2016-05-14,5.4,24.9,0,,,WSW,26,00:03,17.2,62,, ,Calm,1022.9,23.1,50,,NE,11,1019.2
2016-05-13,12.2,24.6,0,,,W,67,01:50,20.5,50,,WSW,28,1020.4,24.0,37,,W,24,1019.1
2016-05-12,14.5,23.2,0,,,WSW,70,16:41,19.4,52,,NW,13,1013.2,21.0,50,,WSW,35,1013.0
2016-05-11,11.3,19.9,0,,,W,67,14:16,16.2,45,,WNW,19,1014.5,18.0,43,6,W,31,1012.3
2016-05-10,16.3,23.6,0.2,,,WNW,63,12:00,21.4,48,1,NW,15,1004.7,22.4,44,1,WNW,46,1003.7
2016-05-9,16.5,22.2,7.6,,,N,41,21:15,18.8,89,8,NNW,22,1007.5,20.8,82,8,NNW,11,1002.2
2016-05-8,12.9,21.0,0,,,NNE,28,23:55,18.1,95,8, ,Calm,1018.0,20.3,83,8,NNE,6,1013.7
2016-05-7,5.6,23.2,0,,,NE,22,15:16,15.2,87,,WSW,2,1020.7,21.9,67,,NE,15,1018.2
2016-05-6,7.2,24.5,0,,,W,22,08:51,20.0,56,,WSW,17,1018.6,22.4,52,,NE,15,1017.2
2016-05-5,6.7,22.2,0,,,NE,22,13:54,17.8,54,,NW,9,1020.3,21.1,56,,NE,15,1016.5
2016-05-4,5.7,24.3,0,,,W,31,09:20,18.8,58,,W,6,1014.7,21.1,66,,ESE,15,1014.5
2016-05-3,7.1,24.7,0,,,WNW,50,12:30,19.4,44,,NNW,15,1011.2,24.4,29,,NW,22,1005.4
2016-05-2,11.9,22.2,0.2,,,WSW,44,04:32,17.0,45,,NW,7,1016.7,19.9,52,,E,11,1012.2
2016-05-1,12.1,27.7,0.2,,,NW,57,13:24,20.6,78,7,NNE,17,1011.7,27.1,36,,NW,30,1008.4
2016-04-30,16.0,24.9,0.8,,,NNW,24,10:43,19.8,94,3,WSW,6,1018.4,23.9,73,7,ENE,13,1014.9
2016-04-29,10.8,24.8,0,,,ENE,22,12:41,19.4,83,, ,Calm,1022.3,22.9,70,8,ENE,13,1017.6
2016-04-28,11.0,25.1,0,,,NE,24,13:43,18.8,93,,W,6,1024.4,23.6,67,1,NE,17,1020.9
2016-04-27,9.5,25.4,0.2,,,NE,41,14:27,21.3,58,,NNW,15,1027.4,22.4,64,,NE,28,1022.6
2016-04-26,9.1,22.9,0,,,NE,28,12:51,19.2,77,,W,7,1030.8,21.9,72,,NE,19,1027.3
2016-04-25,9.1,21.9,0.2,,,NE,22,13:31,18.6,75,,SSW,6,1032.1,20.6,64,,ENE,17,1029.3
2016-04-24,14.4,21.9,3.4,,,S,35,03:34,19.1,77,2,S,11,1030.5,20.8,58,,SE,13,1029.6
2016-04-23,14.3,20.3,0.4,,,S,59,08:27,18.7,63,,SSW,28,1025.1,18.3,65,8,SSW,15,1025.5
2016-04-22,12.5,24.6,0,,,SW,50,22:58,22.2,77,8,SSW,15,1020.6,19.9,72,,SSE,9,1019.8
2016-04-21,11.9,25.3,0,,,ENE,30,13:12,21.4,80,,N,7,1022.4,23.1,80,,ENE,19,1018.6
2016-04-20,12.1,24.2,0.2,,,NE,24,12:49,21.2,82,, ,Calm,1024.3,22.9,78,,NE,17,1022.0
2016-04-19,15.0,24.1,1.4,,,NE,24,12:28,20.0,86,8,WSW,6,1021.9,22.7,69,,ENE,15,1020.2
2016-04-18,13.4,21.8,0.2,,,SSE,24,09:31,19.4,81,6,SSE,9,1022.5,20.2,75,8,SSW,6,1020.5
2016-04-17,13.7,22.5,19.2,,,S,37,11:26,19.1,79,8,SSW,22,1023.0,20.1,71,7,S,24,1021.0
2016-04-16,11.0,27.6,0.2,,,S,24,11:34,20.7,77,1, ,Calm,1020.2,23.2,75,7,E,17,1017.9
2016-04-15,13.0,25.2,0,,,NE,31,12:59,21.3,70,,NNE,11,1025.7,23.8,67,,NE,20,1021.0
2016-04-14,11.5,23.0,0,,,NE,35,13:59,20.9,77,, ,Calm,1030.1,21.8,69,8,NE,20,1027.2
2016-04-13,14.3,23.4,0,,,E,28,11:33,21.0,70,6,S,13,1027.7,21.4,63,,SE,15,1026.5
2016-04-12,16.7,21.1,0,,,S,28,02:55,18.7,74,8,SSW,11,1023.7,20.0,67,6,SE,15,1022.2
2016-04-11,10.8,25.1,0,,,W,37,07:48,21.9,47,,W,22,1017.3,23.3,59,,E,17,1016.5
2016-04-10,10.7,24.6,0,,,ENE,22,12:06,20.3,68,,NNE,6,1019.1,23.8,48,1,NE,9,1015.4
2016-04-9,13.3,24.2,0.8,,,E,28,13:30,20.3,75,6,W,11,1021.8,22.3,66,,SE,15,1018.7
2016-04-8,16.5,20.8,0,,,NE,22,14:38,19.1,76,8,W,6,1023.1,20.2,80,8,NNE,6,1020.8
2016-04-7,17.6,21.1,0,,,SSE,43,03:28,18.7,70,8,S,17,1023.7,19.2,58,7,SE,17,1022.7
2016-04-6,14.7,32.4,0,,,ENE,31,14:49,25.0,68,, ,Calm,1014.7,27.8,69,3,ENE,24,1010.3
2016-04-5,15.4,25.9,6.8,,,NE,37,15:07,23.5,73,1,WNW,6,1019.3,25.4,71,,ENE,28,1014.0
2016-04-4,17.2,23.8,3.0,,,NE,24,15:20,17.9,98,8,WSW,9,1023.5,22.6,80,8,NNE,15,1019.5
2016-04-3,16.2,21.6,0,,,S,26,00:44,20.9,69,8,SSE,7,1025.2,20.6,71,8,SSE,15,1022.9
2016-04-2,12.8,29.5,0,,,WSW,43,12:03,17.7,87,7,ESE,6,1016.3,28.8,27,,WSW,17,1014.4
2016-04-1,13.1,25.8,0.4,,,NE,39,14:15,18.7,87,,WNW,6,1018.8,25.0,65,,NE,28,1014.0
2016-03-31,14.7,24.4,0,,,WSW,41,07:22,20.1,54,1,SSW,19,1017.0,23.0,55,4,SSE,19,1016.2
2016-03-30,16.4,26.6,0,,,WSW,31,11:37,19.8,76,,SW,7,1014.6,23.8,55,7,NE,17,1012.0
2016-03-29,18.0,22.0,0,,,NW,19,14:47,19.6,89,8,W,9,1018.6,19.7,95,8,WNW,7,1016.5
2016-03-28,18.0,25.1,0.2,,,E,24,14:50,19.7,83,8,SW,4,1019.4,24.3,69,8,E,9,1016.0
2016-03-27,18.5,23.4,0,,,E,26,12:44,20.0,99,8,WSW,6,1019.1,22.0,80,8,SE,15,1017.6
2016-03-26,13.5,25.7,0.2,,,NE,28,14:14,19.8,84,3, ,Calm,1018.7,24.9,67,8,ENE,17,1016.2
2016-03-25,17.6,25.8,0,,,S,35,16:53,21.3,70,8,NW,11,1018.7,22.9,57,7,SSW,9,1015.8
2016-03-24,12.3,27.5,0,,,NE,28,13:21,20.1,65,, ,Calm,1020.3,26.7,39,1,NE,24,1018.5
2016-03-23,13.9,24.4,0,,,SW,24,01:09,19.0,70,, ,Calm,1018.2,23.3,58,,NE,19,1016.5
2016-03-22,15.4,22.0,0,,,SSW,52,11:22,18.1,69,8,WSW,15,1018.3,19.6,70,8,SSW,26,1016.7
2016-03-21,15.7,21.4,0,,,SW,44,08:29,18.6,68,2,SW,20,1018.6,20.2,66,8,SSW,20,1017.5
2016-03-20,14.6,22.8,0,,,S,56,14:02,17.5,63,,SW,20,1018.3,20.8,61,1,S,37,1017.2
2016-03-19,13.9,22.4,1.2,,,W,57,03:52,18.5,45,,NNW,4,1011.1,21.4,40,6,SSE,22,1011.3
2016-03-18,19.4,27.7,0,,,WSW,61,14:37,22.3,78,,N,13,1002.9,27.0,63,8,NW,22,995.3
2016-03-17,17.7,25.8,,,,ENE,28,15:44,20.4,91,,SW,6,1017.3,24.4,69,,NE,17,1012.9
2016-03-16,17.8,25.7,,,,SSW,39,12:42,21.7,73,,SSW,15,1020.7,24.3,65,7,S,28,1018.5
2016-03-15,20.0,26.8,,,,S,43,09:47,22.2,79,,SSW,19,1020.0,25.1,58,1,S,28,1019.1
2016-03-14,18.2,29.3,0,,,S,46,12:52,22.4,86,8,W,7,1016.2,25.2,75,8,SSE,19,1015.4
2016-03-13,17.7,28.7,0,,,NE,39,13:24,23.7,80,8,W,7,1020.8,25.9,68,8,NE,24,1017.7
2016-03-12,16.6,28.6,0.4,,,NE,31,16:19,23.0,82,,W,4,1019.6,27.4,67,,NE,19,1018.0
2016-03-11,20.3,27.9,0,,,NE,28,12:26,22.5,95,6, ,Calm,1020.2,24.5,82,8,ENE,11,1018.8
2016-03-10,18.1,30.0,0,,,ENE,33,12:36,22.7,91,, ,Calm,1020.3,27.3,70,1,NNW,15,1019.0
2016-03-9,21.4,28.8,0,,,ENE,33,12:51,25.9,69,,N,13,1021.2,27.6,68,,ENE,24,1017.5
2016-03-8,17.9,28.4,0,,,NE,39,12:33,24.8,73,,NNW,7,1023.6,26.8,67,,NE,28,1022.2
2016-03-7,16.0,27.9,0,,,NE,31,11:14,23.5,78,,WNW,6,1021.5,27.3,69,,NE,20,1018.6
2016-03-6,13.6,28.6,0,,,NE,46,13:42,23.2,76,5,W,9,1023.1,27.5,64,,NE,30,1020.4
2016-03-5,14.8,27.8,0,,,ENE,41,12:02,22.7,78,,N,6,1021.5,27.4,62,,ENE,28,1019.0
2016-03-4,16.9,29.6,0,,,NNW,46,10:09,25.2,69,,N,22,1021.8,27.4,63,,NE,31,1019.6
2016-03-3,18.3,28.9,0,,,NE,39,16:48,25.0,78,,ENE,11,1020.7,28.4,65,,ENE,26,1018.8
2016-03-2,15.8,28.7,0,,,NE,39,13:30,23.2,77,,NNE,9,1020.6,27.7,62,,NE,30,1017.9
2016-03-1,18.2,28.2,0,,,NE,41,14:32,22.4,89,8,NNE,4,1022.1,27.6,63,,NE,28,1019.1
2016-02-29,17.2,26.3,0,,,S,31,12:19,22.5,77,7,WSW,13,1021.6,24.7,65,8,ESE,15,1020.8
2016-02-28,16.3,27.5,0.2,,,NE,31,12:05,22.7,78,,SW,6,1018.7,26.6,63,,ENE,22,1017.1
2016-02-27,20.4,26.0,0,,,ENE,30,13:17,22.8,86,8,SW,6,1019.8,24.8,71,8,ENE,17,1019.4
2016-02-26,21.2,26.8,0,,,S,41,01:42,24.1,73,8,SSW,19,1016.3,25.5,68,8,ESE,17,1016.0
2016-02-25,17.2,32.3,0,,,NE,28,11:30,24.6,87,,SSE,2,1011.4,31.3,58,,ENE,22,1008.6
2016-02-24,16.4,29.1,0.2,,,NE,43,11:54,26.5,68,,NE,11,1015.2,28.0,70,,ENE,30,1012.1
2016-02-23,15.7,29.6,0,,,ENE,41,13:55,23.6,78,,NE,9,1020.9,28.5,61,,ENE,31,1016.7
2016-02-22,16.1,28.8,0,,,NE,39,13:48,24.1,78,,NNW,4,1025.2,27.8,71,,NE,31,1021.3
2016-02-21,20.3,27.1,2.2,,,ESE,24,13:10,22.9,81,8,WSW,6,1025.6,26.4,67,8,E,15,1024.9
2016-02-20,21.4,27.2,0,,,S,41,12:40,24.4,71,5,S,20,1018.7,26.2,66,3,SSE,28,1018.9
2016-02-19,21.4,29.0,0,,,ENE,41,13:14,25.0,66,1,NNW,17,1012.1,27.8,72,,ENE,30,1009.2
2016-02-18,12.3,25.8,0,,,ENE,28,13:09,21.5,70,,W,6,1010.1,24.8,60,,NE,20,1008.8
2016-02-17,15.3,25.3,0,,,E,44,13:19,20.0,42,1,SSW,17,1011.9,23.9,46,,SE,22,1008.3
2016-02-16,14.3,25.8,0,,,SSE,44,13:27,24.2,66,8,S,20,1009.6,22.2,68,8,SE,24,1009.8
2016-02-15,21.6,28.2,0,,,E,26,13:56,23.8,73,8,W,6,1012.0,27.2,65,3,E,17,1007.8
2016-02-14,17.9,32.4,0,,,SSE,37,15:31,26.7,69,6,NE,9,1007.1,27.4,70,4,ESE,19,1007.0
2016-02-13,16.9,28.4,0,,,ENE,41,12:14,25.0,70,,N,15,1013.8,27.5,68,,NE,28,1010.6
2016-02-12,17.6,27.8,0.2,,,NE,31,17:19,23.3,78,,WNW,2,1017.1,26.9,66,4,ENE,20,1015.0
2016-02-11,16.3,27.4,0,,,NE,30,12:22,23.6,76,,W,7,1015.9,26.1,66,7,NE,22,1014.3
2016-02-10,15.1,29.1,0,,,NE,41,13:39,23.8,70,,NNW,17,1016.1,27.4,63,,NE,28,1012.2
2016-02-9,18.1,26.6,0,,,S,39,09:07,22.2,80,7,S,13,1021.5,25.5,61,,SE,20,1019.7
2016-02-8,15.2,27.4,0,,,E,30,13:42,22.5,72,,NW,6,1019.2,26.7,58,,ENE,17,1018.1
2016-02-7,16.9,26.6,0,,,ENE,28,11:43,21.6,74,8,WSW,9,1018.7,25.9,60,,NE,19,1016.8
2016-02-6,18.3,25.8,0,,,SSE,39,09:28,22.1,67,8,S,13,1019.0,24.6,60,5,SSE,20,1017.7
2016-02-5,18.5,24.9,0.2,,,S,48,12:50,21.4,68,5,S,19,1018.8,23.7,60,8,SE,22,1018.8
2016-02-4,18.4,25.0,6.0,,,S,72,12:48,20.0,81,8,SSW,35,1013.2,24.7,57,6,S,37,1013.8
2016-02-3,14.7,28.8,0.2,,,S,39,17:55,23.6,69,1,NE,9,1003.4,27.1,70,,NE,20,1002.6
2016-02-2,14.6,26.3,17.8,,,S,31,09:30,20.7,69,5,WSW,17,1006.1,25.4,62,,ESE,13,1003.8
2016-02-1,16.6,22.9,0,,,SSW,31,14:57,21.0,74,7,W,4,1004.4,21.2,83,1,NE,4,1001.4
2016-01-31,18.2,27.2,2.0,,,E,26,10:33,25.0,58,,ENE,7,1003.6,25.4,57,8,NNE,9,1004.2
2016-01-30,17.5,27.7,25.2,,,ESE,30,12:42,22.2,83,7,W,9,1005.1,26.1,74,6,SE,15,1003.4
2016-01-29,18.8,27.4,0,,,W,39,20:42,23.3,84,1,NW,6,1003.3,21.2,92,4,WSW,11,1002.5
2016-01-28,19.7,27.5,4.8,,,WSW,28,00:17,22.9,81,1,WNW,7,1008.0,26.0,79,3,NE,20,1004.5
2016-01-27,18.9,24.6,2.6,,,NNE,39,18:24,22.2,82,8,N,13,1016.0,22.7,86,8,NW,9,1013.9
2016-01-26,19.7,26.3,13.2,,,E,26,14:58,21.3,96,8,W,9,1017.8,25.4,69,2,E,13,1017.5
2016-01-25,20.0,24.3,0,,,ESE,17,11:46,21.7,85,8,SSW,6,1014.8,23.2,80,8,SSE,11,1013.8
2016-01-24,18.9,23.5,,,,S,24,13:39,20.7,81,8,SW,7,1013.8,22.7,71,8,S,17,1012.2
2016-01-23,21.1,25.9,9.0,,,,,,21.5,89,8,SSW,7,1007.7,24.1,72,8,SE,11,1009.1
2016-01-22,22.6,28.0,29.0,,,WNW,35,23:32,24.5,85,7, ,Calm,1010.2,25.9,76,8,NE,11,1006.7
2016-01-21,21.1,31.5,0,,,SSE,43,15:02,27.1,68,1, ,Calm,1009.9,29.1,66,3,ENE,19,1006.8
2016-01-20,17.1,38.6,0,,,W,43,09:21,33.2,25,,W,24,1010.6,32.8,44,2,NE,20,1008.5
2016-01-19,14.0,33.3,0,,,ENE,30,12:13,23.3,73,,ENE,7,1016.7,27.8,65,,ENE,22,1012.7
2016-01-18,12.5,25.8,0,,,NE,30,12:36,21.9,66,,ENE,2,1020.5,24.8,63,,ENE,22,1017.2
2016-01-17,14.7,24.0,0,,,E,30,10:06,21.1,60,1,SSE,11,1025.7,23.2,52,1,SE,13,1022.9
2016-01-16,15.3,22.6,0,,,S,43,10:33,18.6,73,7,S,15,1027.8,20.5,64,8,ESE,22,1027.2
2016-01-15,14.0,20.9,25.2,,,S,59,10:20,16.5,61,8,SW,17,1025.0,17.8,84,8,S,33,1025.7
2016-01-14,20.1,38.5,0,,,SSE,59,20:27,30.7,58,7,NW,7,1010.5,30.2,68,4,NNW,11,1009.2
2016-01-13,15.7,31.1,0,,,ENE,37,15:56,22.9,70,,NE,9,1019.4,25.6,72,,NE,24,1015.7
2016-01-12,19.9,31.4,0,,,SE,48,12:46,28.6,63,,E,17,1009.2,25.7,67,4,SSE,22,1013.1
2016-01-11,17.6,29.5,0,,,NE,28,11:00,26.3,68,,NE,11,1012.4,28.5,69,,NE,19,1009.2
2016-01-10,14.8,27.1,0,,,NE,37,14:15,22.4,71,,NNW,4,1020.1,25.7,70,,NE,26,1016.9
2016-01-9,15.2,25.4,0,,,ENE,30,13:22,22.1,65,,NNW,9,1021.6,24.5,63,,ENE,20,1018.6
2016-01-8,,24.5,0,,,ENE,28,11:02,23.0,64,,NE,17,1020.2,23.3,63,,NE,19,1019.1
2016-01-7,17.0,22.4,13.0,,,,,,19.0,76,8,SSW,26,1015.0,20.0,73,8,SSW,30,1016.8
2016-01-6,17.2,19.6,17.0,,,SSW,50,21:40,17.8,97,8,SSE,17,1014.2,18.6,96,8,SSE,17,1013.5
2016-01-5,17.4,22.3,28.6,,,E,39,09:18,19.6,91,8,SE,13,1018.0,18.7,90,8,E,13,1016.6
2016-01-4,17.6,22.2,8.8,,,E,35,18:00,19.4,95,8,SW,6,1017.8,20.0,90,7,E,22,1017.3
2016-01-3,15.7,24.1,0,,,SE,33,08:48,21.8,70,,SSE,17,1016.2,22.8,65,8,ESE,17,1015.7
2016-01-2,13.8,24.6,0,,,E,30,12:33,21.0,67,8,NE,6,1013.3,23.6,62,8,ENE,13,1012.8
2016-01-1,14.0,25.6,0,,,NE,35,12:33,23.0,64,,NE,11,1016.3,25.1,66,,NE,26,1013.6
2015-11-30,13.7,30.5,0,,,S,41,23:07,21.5,67,,WSW,4,1012.3,23.6,71,,ENE,22,1009.0
2015-11-29,18.5,25.9,0,,,S,44,22:06,21.4,82,8,ENE,20,1013.5,24.7,74,,NE,22,1009.3
2015-11-28,15.5,23.0,0,,,NNE,33,17:34,21.9,65,8,ENE,9,1017.3,20.0,82,8,E,9,1016.7
2015-11-27,10.2,22.3,0,,,ENE,33,15:03,18.5,61,7,ESE,7,1016.4,19.1,71,8,NE,22,1014.1
2015-11-26,14.2,35.7,0,,,W,87,13:10,31.8,19,,WNW,24,999.5,31.3,24,,W,52,1001.4
2015-11-25,10.5,32.5,0,,,NE,46,14:46,26.4,34,,N,6,1012.1,26.7,63,,NE,31,1005.9
2015-11-24,13.9,26.4,0,,,NE,46,16:29,21.5,68,1,ENE,13,1017.1,24.3,66,,NE,30,1013.1
2015-11-23,13.8,24.7,0,,,SSE,46,15:00,21.7,66,,NE,11,1012.3,23.0,66,1,SSE,28,1011.6
2015-11-22,16.0,22.1,0,,,NNE,31,16:38,19.2,72,8, ,Calm,1020.0,20.2,65,8,NNE,15,1016.5
2015-11-21,17.8,20.3,0,,,SSW,35,23:02,17.9,78,7,SSE,13,1016.6,20.0,60,8,SE,11,1017.7
2015-11-20,16.6,41.8,0,,,W,56,14:27,25.2,78,,NE,11,1011.8,41.0,12,,WNW,26,1005.2
2015-11-19,12.6,32.2,0,,,ENE,35,14:41,21.6,62,7, ,Calm,1014.8,30.8,51,,NE,19,1010.4
2015-11-18,12.2,36.4,0,,,W,63,11:07,29.7,29,,W,26,1011.7,35.8,20,,W,26,1008.9
2015-11-17,9.7,29.7,0,,,NE,39,13:03,21.1,53,,NW,7,1018.5,22.3,61,2,NE,24,1015.5
2015-11-16,10.0,21.8,0.2,,,SE,28,13:39,19.0,65,2,S,13,1020.4,20.5,58,1,ESE,17,1018.3
2015-11-15,14.1,21.1,6.6,,,S,50,14:08,18.3,68,,SSW,22,1018.6,20.0,63,4,SSE,30,1017.9
2015-11-14,16.1,18.8,10.4,,,S,31,10:41,16.3,,,SSE,13,,17.2,93,8,S,17,1014.1
2015-11-13,14.4,28.0,2.0,,,W,35,08:50,25.2,57,,WNW,20,1012.0,20.1,90,8,ESE,7,1011.6
2015-11-12,15.1,25.4,5.0,,,NE,31,10:47,20.6,80,8,NNW,11,1020.1,20.7,85,8,NE,13,1018.6
2015-11-11,18.7,22.8,0,,,S,26,23:01,21.2,74,,S,13,1020.6,22.2,77,8,SE,7,1020.4
2015-11-10,9.5,25.4,0,,,SSE,41,19:08,20.6,68,,NE,6,1015.2,24.3,63,,NE,22,1013.3
2015-11-9,10.3,22.1,0.2,,,NE,26,11:03,18.9,61,,WNW,7,1021.4,20.8,62,,NE,19,1017.6
2015-11-8,14.7,19.5,0.2,,,S,39,08:54,18.2,67,,SSW,22,1021.3,18.6,70,8,SSE,19,1020.8
2015-11-7,14.8,21.4,0.8,,,,,13:40,20.7,86,8,NE,13,1012.4,16.9,89,,SE,15,1014.3
2015-11-6,17.0,27.7,8.0,,,SW,50,11:07,24.8,60,,WNW,20,1006.4,22.9,70,8,NE,19,1004.8
2015-11-5,15.8,25.0,20.8,,,N,48,00:44,17.8,99,,NE,15,1015.1,19.9,90,8,NNE,20,1010.6
2015-11-4,16.4,19.2,3.2,,,ENE,41,12:32,17.4,99,7,S,17,1018.9,17.2,98,8,E,24,1018.1
2015-11-3,17.9,19.9,0.2,,,SSE,31,11:37,18.5,83,8,WSW,6,1018.0,19.3,78,8,S,20,1017.6
2015-11-2,18.2,29.3,1.4,,,WNW,39,01:01,22.6,66,,NNE,11,1010.5,26.5,50,,ESE,17,1009.2
2015-11-1,13.1,25.8,0,,,NNW,46,21:11,20.8,70,,NNE,9,1014.9,24.8,67,8,ENE,20,1010.3
2015-10-31,12.0,23.9,0,,,NE,43,12:13,20.9,72,,N,13,1021.7,22.3,65,4,NE,26,1018.0
2015-10-30,7.8,23.0,0,,,NE,39,12:36,19.8,58,,NNW,11,1023.4,22.3,59,,NE,26,1020.3
2015-10-29,9.4,22.3,0,,,NE,31,14:18,19.6,51,,SE,2,1023.6,21.5,45,,NE,22,1022.3
2015-10-28,10.5,20.8,0.6,,,NE,30,13:26,17.7,67,7, ,Calm,1025.5,20.0,55,,NE,20,1022.3
2015-10-27,14.1,19.2,,,,,,,15.0,69,8,SSW,24,1026.9,16.5,66,8,SSE,20,1027.1
2015-10-26,12.2,29.9,0.2,,,W,69,12:29,20.2,87,7, ,Calm,1013.6,26.5,37,7,SSW,9,1012.2
2015-10-25,9.8,23.6,0,,,NE,33,12:11,20.0,75,3,ENE,11,1021.6,22.9,70,,ENE,24,1017.8
2015-10-24,8.8,22.6,,,,ENE,31,11:25,18.5,63,,NNW,9,1023.9,21.9,62,,NE,22,1020.7
2015-10-23,14.8,19.4,,,,SSW,39,23:47,16.0,70,8,SW,13,1022.8,17.7,64,8,SSW,13,1022.1
2015-10-22,17.2,21.3,3.6,,,S,57,17:01,19.2,86,7,SSE,13,1012.1,17.9,94,8,S,33,1011.9
2015-10-21,17.6,30.0,0,,,N,28,13:30,24.2,58,8,SW,13,1012.8,28.5,47,8,N,15,1010.1
2015-10-20,15.3,26.4,0,,,ENE,30,14:02,21.2,77,8, ,Calm,1019.9,25.8,68,4,ENE,20,1015.6
2015-10-19,17.6,24.4,0,,,NE,37,13:53,20.3,81,8,WNW,6,1026.4,23.9,73,,NE,28,1022.3
2015-10-18,17.4,21.5,1.0,,,SSE,28,02:22,18.8,74,8,SE,11,1029.9,21.2,62,8,ENE,15,1028.1
2015-10-17,16.0,24.7,0,,,SSE,39,19:22,22.4,59,,NE,6,1022.9,22.1,71,,NE,19,1021.3
2015-10-16,11.5,28.1,0,,,NE,30,14:27,23.0,70,,ESE,6,1020.7,27.2,58,,ENE,20,1018.0
2015-10-15,12.3,24.5,0,,,NE,44,12:38,21.2,71,,NNE,9,1024.9,23.2,71,,NE,28,1021.0
2015-10-14,14.1,23.9,0.4,,,NE,39,14:17,20.6,75,1,NNE,4,1026.5,23.0,68,5,NE,26,1024.9
2015-10-13,15.7,20.8,0.2,,,SSW,33,05:16,17.3,77,8,SW,13,1023.6,18.2,82,8,SSE,9,1023.5
2015-10-12,16.9,27.0,2.8,,,S,41,18:00,22.3,58,3,NE,13,1015.6,26.2,50,,NE,19,1012.5
2015-10-11,9.5,25.5,0,,,NW,31,21:02,19.5,68,,N,7,1022.1,22.7,71,7,ENE,15,1018.3
2015-10-10,11.6,24.5,0,,,NE,24,10:51,20.2,68,,NE,6,1028.5,23.7,64,,NE,20,1025.7
2015-10-9,16.3,23.0,0,,,ENE,39,12:18,18.9,60,5,N,22,1033.9,21.7,62,2,NE,26,1029.4
2015-10-8,11.4,19.4,0,,,NE,35,15:13,16.6,67,8,WNW,7,1039.2,18.9,60,8,NNE,17,1035.9
2015-10-7,12.9,18.9,0,,,S,63,03:32,18.1,70,8,SSE,24,1031.0,17.6,66,7,S,26,1034.6
2015-10-6,12.7,37.4,0,,,NW,41,12:36,25.3,48,, ,Calm,1022.3,28.7,47,,ENE,28,1018.4
2015-10-5,9.0,36.4,0,,,WNW,39,11:40,21.8,58,,ENE,6,1022.8,36.2,17,5,W,13,1020.4
2015-10-4,16.8,33.0,0,,,W,43,00:58,20.7,63,,ENE,6,1022.8,32.8,19,,WNW,15,1020.7
2015-10-3,7.9,30.1,0,,,WSW,33,22:58,26.0,36,,NNW,9,1029.5,26.8,57,,NE,20,1024.0
2015-10-2,10.9,26.1,0,,,NE,28,13:50,21.1,64,,ENE,11,1033.5,21.1,72,,NE,20,1031.5
2015-10-1,12.4,22.9,0.2,,,NE,35,12:19,19.8,71,3,N,17,1026.0,21.9,77,,NE,22,1022.5
2015-09-30,9.0,20.1,0,,,SSE,28,08:26,18.1,70,,S,17,1022.7,16.9,78,8,SE,13,1022.1
2015-09-29,6.8,23.7,0,,,NE,31,12:26,19.1,61,,ENE,11,1018.6,21.2,69,,NE,19,1015.0
2015-09-28,8.2,19.6,,,,NE,26,12:42,17.3,49,,NNE,7,1020.7,18.5,58,,NE,17,1017.7
2015-09-27,12.5,17.8,0.2,,,SW,46,10:46,15.3,59,8,SSW,19,1024.2,17.0,61,5,SSE,20,1021.5
2015-09-26,9.2,17.9,,,,,,,15.3,77,,SSW,13,1029.2,16.9,66,8,SSE,20,1025.9
2015-09-25,9.5,16.9,,,,,,,13.7,74,,SSW,28,1030.6,14.0,87,,S,22,1029.1
2015-09-24,9.5,14.2,0.6,,,,,,11.4,66,8,SW,28,1027.1,13.5,69,5,SSW,33,1025.6
2015-09-23,9.2,16.0,2.2,,,SSW,76,03:51,11.2,64,4,S,39,1027.4,13.9,56,1,S,39,1026.0
2015-09-22,11.7,17.1,0,,,SSW,63,23:07,13.3,77,8,S,33,1018.5,15.4,54,8,SW,7,1018.9
2015-09-21,9.5,22.5,0,,,W,39,18:56,18.0,71,,ENE,9,1019.2,21.4,65,1,NE,17,1014.6
2015-09-20,8.0,19.5,8.4,,,NE,28,15:03,17.5,61,,NNE,6,1024.8,17.4,73,8,NE,20,1021.5
2015-09-19,12.1,17.6,13.6,,,SE,28,10:00,13.7,99,8,WSW,7,1027.3,16.8,76,8,ESE,11,1024.5
2015-09-18,12.3,19.1,4.2,,,SSW,43,08:42,15.6,59,,S,28,1026.9,18.1,52,,SSE,20,1026.1
2015-09-17,7.6,18.8,0,,,SSE,48,12:19,16.6,64,,S,20,1018.8,16.4,63,8,SSE,19,1019.2
2015-09-16,8.4,20.1,0,,,W,43,00:50,18.4,47,,SSE,2,1017.6,17.5,68,8,ENE,17,1015.4
2015-09-15,7.8,29.5,0,,,N,56,12:25,21.4,49,4,N,15,1013.7,26.3,34,,WSW,37,1009.5
2015-09-14,7.8,22.5,0,,,NE,39,13:14,18.7,70,,NNE,9,1025.2,21.4,71,,NE,22,1019.9
2015-09-13,6.9,23.1,0,,,NE,26,11:43,19.5,61,,ENE,2,1028.0,21.4,65,,NE,15,1025.2
2015-09-12,4.5,25.0,0,,,E,33,13:20,21.2,47,,WSW,20,1027.5,21.3,47,,ESE,17,1025.2
2015-09-11,5.9,22.0,0,,,NE,39,14:13,17.8,58,,E,4,1031.7,20.2,64,,ENE,24,1026.7
2015-09-10,8.7,19.0,0,,,S,31,11:20,16.6,46,,SSW,11,1031.0,17.7,51,6,ESE,17,1029.5
2015-09-9,9.8,19.0,0,,,WSW,33,06:21,15.0,53,,SSW,15,1023.2,17.3,52,,SE,20,1022.0
2015-09-8,10.0,19.0,0,,,W,70,03:35,14.4,47,,W,33,1018.0,18.4,45,,W,33,1015.2
2015-09-7,7.2,22.9,0,,,W,59,15:47,17.0,61,,WNW,9,1017.1,20.0,48,3,W,33,1013.9
2015-09-6,9.7,17.2,0.2,,,N,30,21:27,15.0,72,6,NE,11,1025.1,16.0,72,8,NE,9,1021.8
2015-09-5,6.0,19.7,0,,,SE,33,13:30,15.6,62,,SSW,4,1022.2,16.4,73,2,ESE,19,1020.3
2015-09-4,13.5,17.9,1.2,,,S,56,00:27,15.1,72,8,SSW,24,1022.3,16.4,58,3,SE,17,1020.7
2015-09-3,7.9,19.7,2.8,,,SSW,65,19:18,16.8,67,1,WSW,15,1005.5,18.3,51,8,SW,24,1006.4
2015-09-2,3.1,19.0,0,,,NE,35,15:08,13.3,64,6,WSW,6,1017.2,16.6,66,7,NE,24,1011.5
2015-09-1,8.0,17.9,0,,,WSW,33,00:06,13.3,59,,WSW,13,1015.7,16.7,49,,NE,15,1013.3
2015-08-31,4.8,18.5,0,,,SSW,33,09:57,13.9,55,,SSW,20,1017.5,16.8,56,1,SE,17,1013.9
2015-08-30,5.9,17.5,0,,,SW,33,10:50,14.2,50,,SSW,9,1020.3,16.0,53,8,SSE,19,1017.7
2015-08-29,5.8,18.9,0,,,W,46,09:35,14.4,54,,WNW,22,1022.0,18.0,38,,W,28,1017.8
2015-08-28,11.2,18.2,0.2,,,W,57,00:37,11.7,81,8,W,22,1019.2,17.9,52,8,S,2,1018.8
2015-08-27,9.0,19.4,16.6,,,WSW,56,22:13,13.5,100,4, ,Calm,1019.0,18.4,74,3,ENE,17,1014.7
2015-08-26,12.9,17.8,92.6,,,SSE,57,03:42,16.0,99,8,SE,22,1019.4,16.0,93,8,S,20,1018.7
2015-08-25,12.1,16.2,159.2,,,S,76,18:58,13.8,89,8,SW,39,1012.5,13.3,89,8,WSW,30,1012.1
2015-08-24,12.9,16.7,1.8,,,E,43,17:33,15.8,87,8,SW,17,1019.2,14.9,99,8,SE,20,1016.2
2015-08-23,12.3,18.3,0.8,,,W,26,03:39,15.1,95,7, ,Calm,1020.2,18.0,75,8,NW,9,1017.8
2015-08-22,10.5,28.0,0,,,NW,39,12:36,21.1,46,6,NNE,15,1019.5,26.6,37,2,N,20,1014.9
2015-08-21,4.2,22.8,0,,,N,31,11:38,14.5,77,,W,9,1025.0,19.7,64,3,ENE,20,1020.1
2015-08-20,3.3,19.0,0,,,NE,33,14:59,14.4,74,,NE,9,1028.0,18.2,66,,NE,24,1024.2
2015-08-19,3.5,16.9,0.2,,,NE,20,12:36,13.0,69,1,NW,6,1027.3,15.9,62,5,NE,13,1025.3
2015-08-18,6.2,15.0,0,,,SSE,33,13:10,12.3,54,,WSW,11,1020.9,13.1,49,,SE,19,1021.1
2015-08-17,11.0,20.0,0,,,WSW,57,03:15,15.7,42,8,SW,11,1016.2,18.2,40,8,W,24,1013.2
2015-08-16,7.7,20.5,0,,,SW,31,19:39,15.1,71,5,WSW,2,1027.0,19.8,54,3,ENE,9,1020.8
2015-08-15,3.4,17.8,0,,,S,26,12:06,15.1,64,2,WSW,11,1030.6,15.5,61,8,SSE,15,1029.2
2015-08-14,9.0,18.9,0,,,W,46,00:34,14.1,54,,WSW,20,1024.5,16.7,57,,E,13,1023.4
2015-08-13,8.7,18.3,1.0,,,WSW,54,16:43,13.1,53,,W,31,1014.3,17.8,35,,SW,24,1014.7
2015-08-12,0.0,17.3,0,,,WNW,65,12:04,12.7,59,,SW,2,1006.5,15.2,41,,WNW,39,1002.8
2015-08-11,1.9,19.3,0,,,WNW,43,11:02,14.4,62,1,NW,15,1014.1,18.5,34,1,W,26,1011.1
2015-08-10,2.4,20.7,0,,,W,41,10:10,13.3,67,,ENE,7,1016.9,19.7,45,,ESE,9,1012.1
2015-08-9,0.8,16.5,0,,,ENE,28,14:03,10.3,81,, ,Calm,1024.4,15.5,67,,NE,19,1019.6
2015-08-8,6.2,16.3,0,,,S,35,08:45,13.2,55,,SSW,26,1024.9,14.9,51,,SSE,15,1022.7
2015-08-7,8.2,18.4,0,,,WSW,43,07:50,12.1,58,,WSW,28,1023.3,15.9,49,3,NE,9,1021.0
2015-08-6,7.2,16.4,0,,,W,46,00:25,11.0,51,,W,26,1016.0,15.5,40,6,WSW,24,1016.7
2015-08-5,5.8,15.1,0,,,W,76,12:30,10.8,53,8,W,20,1012.4,13.8,47,8,W,37,1008.3
2015-08-4,3.0,13.6,0,,,W,54,23:43,9.0,68,7,WNW,4,1023.0,12.5,46,,NE,13,1018.5
2015-08-3,10.0,17.2,0,,,W,61,12:47,13.7,50,,W,30,1014.0,15.6,46,2,W,31,1014.4
2015-08-2,8.6,23.7,0,,,W,67,18:02,13.8,79,5,SSE,6,1015.0,23.2,36,,NW,28,1008.6
2015-08-1,3.8,21.3,0,,,WNW,78,10:35,12.5,73,8,NW,13,1016.8,20.0,41,8,NNW,19,1014.2
2015-07-31,7.0,20.1,0,,,W,44,03:26,15.3,50,,W,19,1020.9,17.2,46,1,E,17,1019.1
2015-07-30,2.6,20.0,0,,,NNW,43,19:34,9.1,91,6,SW,4,1025.6,19.3,31,,NNW,17,1018.8
2015-07-29,3.3,16.5,0,,,NE,20,14:55,11.6,76,,WNW,6,1034.9,15.2,60,,NE,15,1030.2
2015-07-28,8.0,17.1,0,,,WNW,43,01:40,12.7,49,,W,22,1032.2,15.8,47,,SE,15,1030.6
2015-07-27,7.8,14.4,0,,,W,80,00:19,10.2,46,,W,26,1024.8,13.8,44,,W,30,1024.1
2015-07-26,2.4,19.5,0,,,W,91,16:27,13.1,64,,N,13,1015.4,18.1,45,5,W,46,1010.6
2015-07-25,8.4,19.2,0,,,W,54,13:17,15.8,47,,NW,17,1016.5,18.4,43,1,W,30,1015.2
2015-07-24,8.0,19.3,,,,NE,24,13:46,11.7,99,8, ,Calm,1019.4,18.0,65,7,ENE,13,1013.8
2015-07-23,9.1,17.2,2.8,,,,,,12.1,99,7,WSW,2,1026.3,15.4,78,8,ESE,9,1023.7
2015-07-22,5.6,19.0,0,,,NNW,30,15:02,10.5,99,5,ENE,4,1026.3,18.3,57,6,N,22,1023.3
2015-07-21,2.8,18.9,0,,,,,,9.9,98,, ,Calm,1032.6,18.5,50,,N,20,1028.8
2015-07-20,1.7,16.6,0,,,NNE,19,12:39,9.5,99,, ,Calm,1034.8,15.2,61,8,E,9,1032.4
2015-07-19,8.4,16.3,0.4,,,SW,26,02:14,11.3,82,8,WSW,15,1032.8,15.0,61,4,S,13,1031.6
2015-07-18,9.5,13.6,0,,,SW,57,00:55,11.2,58,8,SW,20,1026.2,11.8,75,7,S,20,1028.0
2015-07-17,8.3,14.1,17.4,,,SSW,74,07:57,9.6,82,8,SW,33,1010.6,13.6,58,8,SW,20,1013.3
2015-07-16,1.5,14.2,0,,,W,31,23:53,8.3,99,8,SW,7,1017.1,12.0,74,8,NNW,13,1013.8
2015-07-15,5.3,15.1,0,,,W,31,01:03,11.6,59,,WSW,19,1017.1,14.5,56,,E,13,1016.1
2015-07-14,10.7,15.7,0,,,WSW,69,08:48,12.3,54,,WSW,46,1009.5,15.1,42,,WNW,17,1010.2
2015-07-13,7.4,17.3,3.4,,,WSW,74,12:24,12.8,64,8,W,33,999.1,16.6,48,,WSW,44,1001.4
2015-07-12,6.2,14.1,6.4,,,W,67,08:55,9.4,65,8,W,43,1001.9,13.4,48,7,WNW,35,1000.2
2015-07-11,1.5,18.6,0,,,NW,35,23:56,9.2,98,, ,Calm,1014.6,17.7,56,,ENE,13,1008.4
2015-07-10,2.8,14.4,0,,,WNW,44,16:46,9.2,99,8,E,2,1021.7,12.7,78,8,W,28,1019.0
2015-07-9,2.1,16.4,0,,,NE,22,14:29,9.5,99,, ,Calm,1030.5,15.6,63,,ENE,17,1026.7
2015-07-8,6.0,15.8,0,,,E,22,13:02,11.4,76,4,WSW,11,1028.9,13.8,75,5,ESE,15,1027.9
2015-07-7,8.7,14.7,0,,,WSW,44,02:08,11.9,66,6,SW,28,1020.4,14.0,65,8,SSW,15,1021.7
2015-07-6,2.5,16.7,0,,,W,56,09:35,11.2,54,,W,39,1015.3,16.0,40,,WSW,19,1013.3
2015-07-5,1.2,18.0,0,,,,,,9.2,82,, ,Calm,1021.3,17.3,50,,NE,13,1017.6
2015-07-4,0.2,15.2,0,,,WSW,35,19:47,4.8,91,7,SW,6,1022.5,15.1,44,,SW,17,1020.2
2015-07-3,5.6,14.5,0,,,SSW,41,03:28,11.0,53,,W,15,1026.9,13.8,49,,SSE,11,1024.5
2015-07-2,6.8,16.2,0,,,WSW,72,12:55,11.1,60,,WSW,35,1018.6,14.8,54,8,WNW,28,1017.1
2015-07-1,6.7,17.2,0.2,,,W,46,22:00,10.0,64,,W,22,1026.3,16.0,55,7,SW,2,1022.6
2015-06-30,5.8,19.7,0,,,W,22,07:18,13.9,77,5,W,11,1028.6,19.5,48,8,S,2,1024.3
2015-06-29,5.2,18.6,0,,,NE,17,13:52,9.9,96,7,WNW,9,1033.3,16.6,68,7,NE,11,1030.0
2015-06-28,1.4,18.7,0.2,,,ENE,17,15:22,9.5,93,, ,Calm,1032.9,16.7,59,,NE,13,1031.0
2015-06-27,2.9,19.7,0,,,E,20,12:33,10.3,99,, ,Calm,1031.8,18.3,53,,NE,11,1028.9
2015-06-26,6.8,18.6,0.4,,,S,30,00:33,11.9,77,8,SW,9,1033.5,17.5,48,,ENE,7,1031.1
2015-06-25,6.6,18.3,0,,,S,31,13:28,15.9,83,8,NNW,6,1023.3,15.3,86,8,SSE,15,1024.5
2015-06-24,7.9,21.1,0.2,,,W,15,17:59,16.2,80,8, ,Calm,1022.2,18.7,56,8,NNE,2,1019.9
2015-06-23,3.1,20.1,0,,,W,31,13:30,10.4,91,2,W,6,1025.7,19.9,44,,NW,7,1022.3
2015-06-22,3.1,19.2,0.2,,,NNW,22,11:21,10.3,99,, ,Calm,1028.6,17.4,54,,NE,15,1025.2
2015-06-21,6.5,16.4,0.4,,,W,17,09:26,12.3,73,8,WSW,11,1028.5,15.8,67,8,NW,7,1027.5
2015-06-20,8.4,15.4,0.2,,,SSW,46,02:07,11.4,63,,WSW,11,1024.4,14.4,63,7,SSW,13,1023.6
2015-06-19,10.4,14.6,37.8,,,SSW,46,06:38,10.9,86,8,SSW,24,1018.4,13.9,69,8,SW,17,1018.0
2015-06-18,10.2,15.6,6.0,,,W,39,02:03,14.6,79,8,WSW,15,1014.2,13.9,96,8,S,6,1014.3
2015-06-17,13.2,16.6,1.0,,,WNW,31,15:03,13.9,99,8,WSW,7,1012.0,15.2,95,8,NW,9,1009.2
2015-06-16,13.3,17.3,23.8,,,N,30,10:37,15.0,97,8,WSW,2,1022.1,16.5,83,6,NNW,11,1017.9
2015-06-15,4.9,16.0,0,,,E,28,17:40,13.3,99,8, ,Calm,1028.1,15.0,99,8,W,7,1025.7
2015-06-14,4.5,19.8,0,,,ESE,20,13:30,11.6,97,, ,Calm,1028.2,18.6,57,,ESE,11,1025.6
2015-06-13,10.2,18.9,0,,,N,31,11:53,14.4,76,,WNW,11,1030.6,18.0,56,4,N,11,1026.6
2015-06-12,3.9,18.6,0,,,ESE,17,13:33,10.4,99,, ,Calm,1034.5,17.4,66,,NE,9,1031.7
2015-06-11,8.7,18.8,0,,,,,,15.0,68,, ,Calm,1037.2,17.5,58,,ENE,11,1034.3
2015-06-10,7.1,15.5,0,,,S,30,11:18,12.9,74,,W,9,1031.6,14.4,60,,SSW,15,1032.1
2015-06-9,9.9,21.6,0,,,W,56,06:14,17.4,47,,NW,24,1019.6,20.1,48,,W,24,1019.8
2015-06-8,6.4,22.1,0.2,,,W,89,10:08,16.3,61,7,W,50,1021.3,21.2,42,,WNW,22,1017.5
2015-06-7,3.7,21.8,0,,,NNW,28,12:55,12.3,99,, ,Calm,1028.1,19.5,54,,NNE,13,1023.0
2015-06-6,8.1,20.7,0,,,ESE,20,14:47,15.7,66,,WSW,11,1027.7,18.7,65,,ESE,13,1026.8
2015-06-5,4.3,16.8,3.2,,,W,48,02:37,10.5,78,8,SW,15,1018.9,16.1,60,,SSW,20,1019.2
2015-06-4,1.6,18.1,0,,,W,41,23:58,9.3,94,, ,Calm,1021.8,16.7,47,8,NNE,15,1017.5
2015-06-3,3.6,18.0,0,,,SSW,31,00:33,12.4,59,,W,9,1023.2,15.9,55,2,SSE,13,1020.7
2015-06-2,8.0,15.2,0,,,SSW,50,08:25,11.4,49,,SW,28,1024.3,14.9,42,,SSW,19,1022.7
2015-06-1,8.2,15.0,0.2,,,W,78,02:36,10.1,68,1,W,17,1015.6,13.7,30,,SSW,30,1017.5
2015-05-31,9.2,15.9,0,,,W,65,23:32,13.3,57,8,WNW,24,1015.2,15.1,52,8,WSW,17,1011.1
2015-05-30,8.2,16.8,0,,,W,50,21:15,15.1,52,3,WSW,13,1021.4,16.2,57,8,WNW,17,1017.0
2015-05-29,11.9,22.0,1.4,,,W,31,22:02,14.8,97,8,SW,9,1020.3,21.3,48,,WNW,9,1019.7
2015-05-28,7.1,21.6,0,,,NE,20,13:20,16.1,73,,W,2,1023.0,19.1,72,8,N,9,1019.9
2015-05-27,6.2,21.9,0.2,,,NE,22,15:10,13.8,73,,WNW,4,1024.8,20.0,55,,NE,15,1021.0
2015-05-26,4.3,20.4,0,,,WSW,22,06:03,14.2,81,,WSW,9,1029.7,17.3,62,2,SE,9,1026.6
2015-05-25,5.7,20.4,0,,,NNW,20,11:41,12.3,93,8,WNW,2,1031.3,18.7,57,8,NNE,9,1027.9
2015-05-24,6.4,18.3,0,,,WSW,19,04:29,11.7,98,2, ,Calm,1032.4,18.0,49,,NE,7,1030.6
2015-05-23,10.8,17.3,9.8,,,WSW,48,02:06,14.1,66,,WSW,19,1029.4,16.6,59,,S,11,1028.4
2015-05-22,13.5,15.5,16.6,,,S,63,09:54,14.2,95,8,S,31,1019.2,13.6,87,8,S,24,1022.4
2015-05-21,13.1,20.8,0,,,SW,46,22:40,17.9,61,,WSW,15,1018.3,19.9,50,,S,19,1017.0
2015-05-20,12.0,22.1,0.6,,,NNW,26,04:46,18.5,70,4,SW,6,1015.6,21.9,63,,E,7,1013.0
2015-05-19,12.9,19.1,0,,,NNW,24,10:46,16.4,87,7,E,4,1020.1,17.1,94,7,E,6,1015.0
2015-05-18,6.5,18.9,0,,,NE,15,10:37,14.7,91,1, ,Calm,1031.7,17.6,70,8,NE,9,1027.3
2015-05-17,5.5,19.6,0,,,NE,20,12:29,15.1,82,, ,Calm,1035.5,18.4,62,,NE,11,1032.0
2015-05-16,13.3,19.3,0.2,,,S,33,10:28,17.0,69,1,S,15,1036.1,18.0,62,1,S,19,1034.2
2015-05-15,11.5,19.5,0,,,SSW,39,06:46,16.3,55,8,SSW,19,1031.9,17.5,61,8,SSW,17,1031.7
2015-05-14,7.2,17.9,4.2,,,W,48,10:14,11.7,55,,WSW,31,1024.4,17.6,43,,SW,19,1024.3
2015-05-13,10.7,17.0,0,,,WSW,56,01:06,13.1,49,,WSW,31,1014.9,10.0,85,6,NW,13,1017.7
2015-05-12,14.2,21.3,0,,,WSW,85,10:37,18.2,49,,W,31,1012.2,19.9,41,,W,28,1009.8
2015-05-11,12.6,21.1,0,,,W,80,02:37,17.2,53,6,W,15,1009.2,20.3,47,1,W,31,1008.8
2015-05-10,12.2,20.7,0,,,NW,61,11:23,15.9,47,6,WNW,39,1009.8,19.5,45,8,W,24,1005.3
2015-05-9,12.8,20.4,0,,,WNW,61,04:01,16.5,54,,W,20,1016.2,19.5,45,,W,33,1013.3
2015-05-8,11.7,20.4,0,,,WSW,57,03:14,15.3,49,,WSW,20,1019.0,18.4,50,,NE,15,1015.6
2015-05-7,11.2,18.7,0,,,W,70,00:49,15.6,54,,W,35,1017.2,17.2,40,,W,39,1015.7
2015-05-6,12.3,18.9,0,,,W,83,21:03,16.1,42,,WSW,20,1012.6,18.0,45,,W,52,1011.5
2015-05-5,10.9,27.2,0,,,WSW,56,21:08,17.2,94,,N,11,1007.5,26.1,42,,N,15,1002.1
2015-05-4,17.1,21.8,0,,,SW,33,02:18,19.2,77,7,WSW,9,1016.1,20.9,73,3,ESE,9,1013.2
2015-05-3,17.0,21.9,8.2,,,SSW,43,16:16,19.6,89,8,S,19,1015.6,21.0,81,8,SSW,19,1013.8
2015-05-2,13.9,22.3,11.8,,,ESE,30,13:34,17.2,100,8,SSW,7,1022.0,20.1,97,8,SSW,7,1017.6
2015-05-1,14.3,20.7,29.0,,,SSE,24,14:34,15.7,99,8,N,4,1029.4,20.0,80,6,SE,13,1025.2
