100.0,100.0,true
2016-05-14,8.7,20.3,0,,,NE,48,20:50,12.6,91,6, ,Calm,1025.5,19.4,64,8,N,11,1021.6
2016-05-13,13.6,20.2,0.2,,,W,24,12:47,15.9,82,8,NW,15,1024.0,18.8,58,,NW,6,1022.8
2016-05-12,10.8,17.2,2.0,,,NNW,44,01:31,14.4,96,8,WNW,17,1016.3,15.8,86,8,W,19,1017.0
2016-05-11,9.3,15.8,2.2,,,WNW,43,13:45,11.0,82,7,WNW,13,1017.6,14.5,63,8,WNW,24,1015.4
2016-05-10,13.4,17.3,13.4,,,NNW,54,03:28,14.8,85,8,NW,22,1005.2,16.9,69,8,W,22,1008.4
2016-05-9,14.7,18.3,46.0,,,WNW,54,13:15,17.9,90,8,NE,17,1003.4,17.6,73,1,WNW,4,1000.7
2016-05-8,13.9,18.2,13.2,,,NE,41,12:09,14.7,100,7,ENE,13,1014.6,16.1,98,8,NNE,26,1008.6
2016-05-7,7.9,24.0,0,,,ESE,15,09:58,14.4,79,,ENE,6,1021.1,23.1,47,,SSE,9,1017.4
2016-05-6,6.7,25.2,0,,,NNE,22,14:18,13.5,73,, ,Calm,1020.6,24.7,38,1,NNW,9,1016.7
2016-05-5,10.5,20.3,0,,,SSW,19,12:34,12.7,73,8,SE,7,1021.5,19.6,45,1,SE,9,1017.6
2016-05-4,11.0,17.5,2.4,,,W,37,01:34,12.5,73,,WNW,9,1017.2,17.0,39,,NNW,9,1017.0
2016-05-3,6.6,22.2,0,,,NNW,52,15:49,13.5,66,5,SE,6,1011.4,21.4,32,,WNW,35,1006.0
2016-05-2,3.8,16.9,0,,,N,26,13:33,9.7,88,5,SE,7,1017.8,16.1,44,8,NNW,15,1014.4
2016-05-1,13.2,20.0,4.0,,,N,63,03:20,16.7,74,3,WNW,30,1012.1,17.7,46,4,W,28,1013.0
2016-04-30,16.8,23.4,8.6,,,N,30,14:56,17.9,100,8,NNE,2,1018.1,22.5,64,8,N,19,1015.1
2016-04-29,12.1,26.9,0,,,NW,59,12:10,17.3,68,1,SSE,2,1019.2,17.6,92,8,ESE,7,1017.5
2016-04-28,11.7,28.5,0,,,N,28,13:30,15.7,70,8, ,Calm,1022.9,27.4,32,2,NNW,13,1018.9
2016-04-27,6.4,26.6,0,,,N,39,12:25,14.0,62,,E,6,1026.6,25.1,35,,N,17,1020.5
2016-04-26,6.1,25.4,0,,,E,17,11:24,14.2,66,, ,Calm,1030.5,24.4,31,,S,9,1025.7
2016-04-25,6.7,24.3,0,,,SE,15,13:34,14.6,68,,ENE,2,1032.4,23.8,36,,SE,9,1028.2
2016-04-24,7.1,24.9,0,,,SE,20,00:01,13.1,63,, ,Calm,1031.4,23.9,28,,W,7,1028.1
2016-04-23,9.4,22.7,0,,,ESE,28,08:56,14.5,49,,ESE,20,1027.4,22.0,24,,SE,13,1024.9
2016-04-22,12.8,23.6,3.6,,,SE,31,21:44,16.5,97,8,SE,7,1022.6,23.0,46,3,SE,13,1019.9
2016-04-21,9.8,22.4,0,,,ESE,19,10:36,17.4,61,,NE,4,1022.7,22.0,55,3,SSE,9,1019.6
2016-04-20,8.8,27.0,0,,,SE,19,12:55,15.7,68,, ,Calm,1024.4,26.1,29,,SE,7,1020.8
2016-04-19,9.5,26.1,0,,,ENE,20,14:21,16.4,67,, ,Calm,1022.3,24.8,41,2,SSE,7,1019.4
2016-04-18,10.6,25.7,3.8,,,NNE,28,12:04,16.5,72,1,ESE,9,1021.8,24.8,36,2,NE,11,1017.9
2016-04-17,11.7,25.4,0,,,NE,30,19:55,17.1,68,, ,Calm,1021.7,25.1,39,,SE,15,1017.9
2016-04-16,12.9,28.5,0,,,NE,31,16:43,17.4,68,,SW,7,1020.4,27.1,31,1,SW,7,1016.5
2016-04-15,11.0,27.6,0,,,ESE,17,10:41,15.7,73,,SE,7,1024.9,26.1,38,8,ESE,9,1019.7
2016-04-14,10.0,28.7,0,,,NNW,24,14:59,16.9,63,,SSE,4,1028.5,28.2,27,3,N,11,1024.2
2016-04-13,8.9,27.2,0,,,N,24,13:47,16.2,61,, ,Calm,1027.0,26.8,34,3,ENE,9,1023.6
2016-04-12,8.4,24.7,0,,,SW,22,14:14,15.4,63,,ENE,2,1022.9,24.3,39,,SSW,9,1019.7
2016-04-11,8.7,24.9,0,,,WNW,31,15:44,14.4,70,,NNE,4,1020.6,24.5,36,,W,17,1017.8
2016-04-10,6.1,24.0,0,,,W,39,14:07,13.7,71,,SE,6,1021.9,21.9,42,2,W,17,1018.4
2016-04-9,4.8,23.1,0.4,,,WSW,24,14:25,12.9,70,,ENE,6,1023.7,22.9,33,,WSW,19,1020.2
2016-04-8,11.4,19.7,0,,,W,17,13:21,13.7,66,5, ,Calm,1023.0,16.7,64,4,WSW,9,1021.8
2016-04-7,5.3,22.5,0,,,E,22,10:30,12.0,84,,SSE,7,1024.1,22.1,36,,SSW,11,1020.9
2016-04-6,7.9,26.4,0,,,WNW,39,16:27,17.7,50,, ,Calm,1014.5,23.2,32,7,WNW,15,1014.0
2016-04-5,10.5,31.8,0,,,N,35,11:15,18.8,65,,ENE,9,1017.0,31.0,23,,NNW,22,1011.9
2016-04-4,9.7,28.8,0,,,SE,20,13:05,17.3,59,,SE,11,1022.2,27.1,35,,S,9,1016.5
2016-04-3,7.6,26.5,0,,,SE,22,09:49,17.9,54,,ESE,6,1023.6,26.2,29,,WNW,6,1020.4
2016-04-2,8.6,30.0,0,,,W,41,14:20,12.6,73,, ,Calm,1017.7,29.1,21,,W,19,1015.2
2016-04-1,9.2,27.0,0,,,N,28,15:33,13.0,81,, ,Calm,1018.1,26.0,22,,N,17,1015.0
2016-03-31,9.5,25.5,0,,,SE,19,12:04,13.0,83,,SE,4,1018.9,23.1,42,,S,11,1016.4
2016-03-30,11.8,20.4,0.8,,,NNE,33,00:15,15.9,71,, ,Calm,1017.5,17.9,66,6,SE,15,1016.1
2016-03-29,13.8,26.2,0,,,NW,35,12:32,16.0,69,6, ,Calm,1017.7,25.5,27,,W,11,1014.9
2016-03-28,11.7,27.8,0,,,NW,30,14:32,15.3,74,6, ,Calm,1017.4,26.9,31,,WNW,15,1014.0
2016-03-27,10.0,27.4,0,,,NE,28,10:46,14.5,75,,E,2,1018.2,26.2,31,,NNW,9,1015.6
2016-03-26,8.9,26.4,0,,,WSW,30,16:25,13.4,72,, ,Calm,1018.4,25.3,32,,WSW,11,1016.3
2016-03-25,15.5,28.4,0.2,,,W,35,16:49,16.6,85,2, ,Calm,1018.7,26.9,39,1,W,22,1015.9
2016-03-24,14.2,25.1,0,,,SSE,20,15:49,17.8,69,5, ,Calm,1020.3,24.3,47,6,SSE,13,1017.8
2016-03-23,10.0,27.1,0,,,SW,30,14:21,14.2,81,, ,Calm,1018.6,25.4,31,,W,13,1017.1
2016-03-22,11.0,26.5,0,,,SW,31,14:54,15.8,67,,S,6,1019.4,24.9,34,,E,9,1015.6
2016-03-21,12.4,25.2,0,,,SSE,35,20:09,16.6,54,,SE,19,1019.7,24.0,34,,SE,19,1016.5
2016-03-20,12.7,24.2,0,,,SSE,31,20:47,15.3,50,6,SE,20,1018.2,23.0,29,1,S,17,1016.5
2016-03-19,9.5,21.1,10.4,,,SE,46,21:57,12.9,67,,W,13,1013.7,19.4,38,8,WSW,13,1013.4
2016-03-18,19.8,21.1,10.4,,,W,74,09:54,20.0,98,,N,22,996.0,19.9,55,1,W,37,1000.3
2016-03-17,16.0,31.1,0.4,,,SE,26,13:00,20.5,64,,SE,6,1015.5,28.8,35,,SSE,11,1010.3
2016-03-16,19.2,30.8,0,,,SE,24,00:22,20.8,61,7,SE,7,1019.2,30.1,30,,ENE,11,1015.5
2016-03-15,20.4,31.8,0,,,SE,33,09:01,23.2,54,,SE,17,1018.0,30.0,35,,SSE,15,1015.4
2016-03-14,18.0,35.1,0,,,SSW,37,14:36,22.5,59,,SE,7,1016.8,33.8,21,,SW,22,1013.7
2016-03-13,19.4,35.2,0.2,,,W,30,15:26,22.7,71,,SSE,4,1018.6,33.5,26,,W,13,1015.1
2016-03-12,20.0,34.0,6.6,,,S,28,15:24,23.1,80,8,ESE,7,1019.0,32.5,45,4,E,7,1016.9
2016-03-11,20.0,32.3,0.6,,,W,46,15:08,24.5,70,2,E,9,1017.5,30.6,43,8,NE,20,1015.1
2016-03-10,24.6,36.8,0,,,N,41,19:32,26.1,54,8,SE,4,1018.9,35.5,27,5,SE,9,1015.0
2016-03-9,18.7,38.3,0,,,WSW,39,20:12,25.7,49,1,SE,9,1018.9,35.2,24,2,WNW,20,1015.4
2016-03-8,20.1,38.3,0,,,NE,30,10:22,25.6,56,,ESE,7,1020.1,37.0,14,,NNW,11,1017.2
2016-03-7,17.4,38.5,0.2,,,NNE,24,10:47,24.8,56,,ESE,6,1019.7,36.5,22,,S,9,1016.7
2016-03-6,20.5,37.1,0,,,NNE,46,17:24,25.7,54,8,NE,6,1019.8,34.1,29,8,SSE,11,1017.2
2016-03-5,20.3,38.5,0,,,NNE,28,12:49,25.9,50,,SE,4,1019.3,37.5,23,,SW,9,1016.5
2016-03-4,15.9,37.0,0,,,N,26,14:07,23.0,57,,E,7,1020.0,36.3,22,,S,7,1016.1
2016-03-3,16.7,35.0,0,,,NNW,50,16:42,25.3,37,7,ESE,9,1019.4,33.2,24,8,E,7,1016.2
2016-03-2,16.8,37.2,0,,,W,31,13:33,23.9,48,8,E,4,1018.1,36.4,10,,WNW,11,1015.9
2016-03-1,14.7,35.1,0,,,NW,37,12:47,20.8,63,,SE,7,1019.5,33.7,21,,WNW,13,1016.1
2016-02-29,15.4,32.3,0,,,SSW,24,14:42,21.6,56,,ESE,6,1019.5,30.3,34,,S,15,1016.5
2016-02-28,16.2,33.4,0,,,W,31,13:25,22.1,59,,ESE,7,1018.0,31.3,21,,WSW,15,1015.1
2016-02-27,14.7,33.1,0,,,SW,30,14:52,20.9,58,,SE,7,1018.7,32.3,28,,SSW,13,1015.6
2016-02-26,14.9,31.2,0.2,,,WNW,33,12:09,21.5,51,, ,Calm,1015.8,29.9,19,,W,19,1014.7
2016-02-25,22.4,36.4,0,,,NW,43,16:40,28.3,38,8,SW,7,1009.6,32.3,36,7,WSW,15,1009.1
2016-02-24,22.5,40.9,0,,,NNW,54,12:38,28.3,43,4,SE,7,1012.2,40.1,15,1,NNW,30,1008.1
2016-02-23,20.1,39.5,0,,,N,41,12:12,26.5,46,,ESE,11,1017.7,38.4,19,,NNW,20,1013.3
2016-02-22,15.2,35.4,0,,,ESE,31,09:20,21.8,51,,SSE,4,1023.9,34.1,30,1,SW,13,1019.6
2016-02-21,13.6,34.4,0,,,NNW,33,12:53,19.8,60,,SSE,9,1023.6,33.5,22,,NW,11,1020.5
2016-02-20,15.2,31.2,0,,,WNW,30,15:02,20.7,61,,S,6,1017.2,30.2,28,,WSW,17,1016.6
2016-02-19,13.9,32.9,0,,,WSW,44,15:00,19.9,64,,ESE,7,1011.4,31.1,24,,NW,20,1009.7
2016-02-18,12.7,30.5,0,,,WSW,28,15:56,18.5,63,,SSE,9,1009.8,28.7,32,,WSW,13,1006.8
2016-02-17,10.5,26.7,0,,,W,39,13:29,16.0,45,,W,11,1013.6,24.1,34,1,W,15,1010.0
2016-02-16,15.2,26.3,0,,,W,43,16:57,19.4,54,,WSW,20,1010.9,24.8,24,,W,26,1009.8
2016-02-15,13.8,28.9,0,,,WSW,41,16:27,20.1,58,,SSE,4,1012.0,27.9,27,,WSW,19,1009.0
2016-02-14,22.3,30.3,0,,,WNW,44,14:57,23.4,53,6,NW,15,1008.9,28.9,27,,WSW,20,1008.2
2016-02-13,16.9,37.7,0,,,W,30,16:00,22.7,55,,SSE,2,1011.7,35.8,16,,N,7,1007.3
2016-02-12,17.3,34.9,0,,,WNW,26,15:20,22.9,59,,SE,7,1014.9,33.3,23,2,NW,11,1011.6
2016-02-11,17.3,35.2,0,,,E,28,14:53,23.3,53,,SE,6,1013.1,33.6,23,,SE,9,1010.4
2016-02-10,15.7,35.0,0,,,W,33,14:28,22.6,64,,SE,9,1014.2,33.9,22,,WSW,20,1010.2
2016-02-9,18.8,35.0,0,,,NE,28,12:50,24.8,54,,E,9,1019.0,33.3,31,,NNE,11,1015.6
2016-02-8,18.0,35.2,0,,,SSW,37,14:55,24.2,51,,NE,2,1019.0,33.8,32,,WSW,9,1016.0
2016-02-7,15.2,32.8,0,,,W,28,12:42,21.0,67,,SSE,4,1017.9,30.7,37,,WSW,15,1014.9
2016-02-6,14.6,30.3,0,,,NNE,22,12:41,20.3,64,,S,7,1017.9,28.1,34,4,E,13,1014.7
2016-02-5,14.2,29.9,0,,,SE,30,23:42,20.0,47,,SE,15,1018.3,27.0,34,,SE,11,1015.8
2016-02-4,16.5,29.8,0.4,,,SSE,46,00:55,20.0,53,,SE,22,1014.0,28.4,32,,SE,20,1012.3
2016-02-3,19.8,25.8,0,,,SSE,31,15:31,22.4,67,7,SW,6,1002.8,22.6,74,8,E,13,1004.4
2016-02-2,14.4,29.7,0.2,,,NNE,22,12:20,20.7,69,,E,7,1006.2,28.0,37,1,NW,7,1003.2
2016-02-1,13.0,26.1,28.6,,,SSE,28,02:58,14.7,88,8,SSE,17,1004.2,24.2,47,2,SW,13,1003.2
2016-01-31,13.8,24.2,7.0,,,WNW,48,15:13,16.9,79,8,NNE,17,1003.9,22.5,48,6,NNW,26,1002.2
2016-01-30,10.0,28.1,0,,,W,52,18:21,16.0,70,,SSE,11,1005.2,27.1,26,,SSW,9,1000.8
2016-01-29,17.1,24.2,0,,,W,48,12:07,20.7,77,7,SE,7,1000.7,16.1,72,7,WNW,24,1003.4
2016-01-28,17.7,31.7,4.2,,,WNW,35,19:20,20.8,83,7, ,Calm,1008.1,30.4,47,1,NE,13,1002.8
2016-01-27,18.5,25.7,19.4,,,W,37,04:17,18.9,96,8,ESE,9,1014.9,23.2,65,8,E,17,1010.5
2016-01-26,18.7,34.2,0,,,SE,31,19:51,23.3,48,,SE,19,1015.7,32.0,33,1,SSE,11,1012.3
2016-01-25,18.1,32.8,0,,,SE,39,21:12,24.0,56,,SE,11,1012.1,30.5,30,1,SSW,11,1009.6
2016-01-24,16.6,33.2,0,,,SW,30,13:52,22.4,55,,SSE,15,1011.3,31.2,30,,SSW,17,1008.3
2016-01-23,17.0,31.3,12.6,,,W,41,17:14,22.1,72,,SSE,9,1009.2,31.0,40,1,W,20,1008.1
2016-01-22,22.8,28.1,0,,,NNW,39,10:13,24.2,67,7,SSE,9,1008.8,21.7,89,8,W,2,1007.4
2016-01-21,20.4,38.0,0,,,WNW,56,13:30,24.8,62,8,SE,9,1009.0,33.4,22,8,WNW,35,1007.2
2016-01-20,23.4,33.9,0,,,NE,39,15:08,30.2,23,8,NNW,13,1010.1,31.5,24,8,SE,7,1009.3
2016-01-19,16.1,40.0,0,,,NW,50,14:31,24.3,46,,ESE,7,1015.5,37.6,15,5,NW,19,1009.4
2016-01-18,14.4,33.5,0,,,E,28,15:36,22.5,53,,SE,9,1019.2,31.9,22,,E,15,1014.7
2016-01-17,14.5,30.6,0,,,NE,24,07:14,20.5,51,,NNE,13,1024.2,28.1,31,3,SSE,4,1019.6
2016-01-16,10.7,29.4,0,,,N,35,21:36,17.8,45,,SSE,13,1027.4,27.3,19,,S,9,1022.9
2016-01-15,10.4,25.2,0,,,SE,46,17:16,15.9,41,,S,19,1026.1,23.9,31,,SE,20,1023.8
2016-01-14,26.8,30.2,0,,,WNW,50,11:14,27.2,50,8,NE,9,1010.5,21.4,39,8,SW,24,1015.5
2016-01-13,20.2,43.0,0,,,WNW,72,15:17,27.9,51,,SE,15,1013.8,42.3,16,,N,24,1007.5
2016-01-12,20.6,38.9,0,,,WSW,56,13:29,28.1,40,1,ESE,6,1010.8,37.6,18,,W,24,1009.8
2016-01-11,17.7,39.2,0,,,WNW,56,19:14,26.0,46,,SE,9,1011.6,37.0,13,8,W,7,1007.5
2016-01-10,17.8,37.0,0,,,SSW,41,15:25,26.2,54,,ESE,9,1016.6,36.2,17,,WNW,17,1012.6
2016-01-9,16.7,35.0,0,,,WNW,28,12:41,24.2,52,,E,11,1018.6,33.1,24,3,SSE,9,1015.5
2016-01-8,14.3,31.7,0,,,NNW,24,14:53,19.4,63,,SSE,11,1019.6,28.7,24,8,ENE,6,1017.2
2016-01-7,16.4,28.0,0,,,SE,35,12:44,20.9,46,,SE,20,1017.4,26.6,31,2,ESE,20,1015.7
2016-01-6,17.0,28.1,0.2,,,SE,39,18:07,20.3,76,8,SSE,9,1014.6,25.7,52,8,ENE,11,1012.6
2016-01-5,15.5,22.9,6.8,,,ENE,31,12:17,17.2,92,8,SE,6,1016.3,22.2,63,8,SSE,9,1013.9
2016-01-4,17.3,23.7,15.6,,,SSE,39,17:30,19.2,74,8,SE,9,1017.9,21.6,65,8,SSE,17,1016.5
2016-01-3,18.4,23.1,2.2,,,ENE,48,14:00,21.8,62,8,ESE,11,1014.0,19.5,67,8,ENE,39,1014.8
2016-01-2,20.9,33.6,0.4,,,SSE,50,15:59,24.8,54,8,SSE,9,1011.1,31.7,30,8,SE,17,1008.4
2016-01-1,20.4,37.6,0,,,ENE,54,17:43,26.1,46,7, ,Calm,1013.4,36.7,17,3,ESE,7,1009.2
2015-11-30,10.0,31.6,0,,,W,31,15:39,18.0,61,,SSE,7,1011.9,29.6,21,,NNW,13,1007.9
2015-11-29,12.2,27.0,0,,,W,37,10:49,20.3,52,,E,6,1013.2,25.6,27,8,W,19,1010.2
2015-11-28,8.1,28.3,0,,,W,30,20:46,16.5,57,,E,9,1017.3,26.7,25,,NNW,7,1012.7
2015-11-27,5.7,21.8,0,,,WSW,37,13:01,12.8,43,,SSE,7,1017.7,20.4,28,,WSW,17,1015.6
2015-11-26,17.9,21.3,0,,,W,63,05:59,18.7,48,,W,37,1004.0,19.9,24,,W,28,1008.2
2015-11-25,10.0,33.8,0,,,N,52,13:21,19.3,56,,SE,7,1011.6,32.5,13,,NNW,31,1003.8
2015-11-24,10.2,28.7,0,,,NW,35,14:41,19.1,51,, ,Calm,1017.2,27.3,25,,SSW,13,1012.7
2015-11-23,9.9,26.7,0,,,W,41,15:44,18.3,54,,WSW,9,1013.6,25.7,27,,W,20,1012.5
2015-11-22,9.6,28.3,0,,,NNE,30,10:05,19.1,58,,NE,13,1017.7,27.2,31,,WNW,11,1013.1
2015-11-21,12.4,26.6,0,,,WSW,33,23:08,17.2,53,,W,13,1017.9,24.9,30,,SE,9,1016.1
2015-11-20,17.8,34.3,0,,,SW,56,18:39,27.3,46,1,NE,6,1009.4,32.9,28,7,SW,24,1006.7
2015-11-19,18.1,37.2,0,,,W,44,15:15,24.2,47,,SE,4,1013.7,36.4,25,,WNW,13,1011.2
2015-11-18,13.3,33.5,0,,,SW,41,13:17,22.3,56,,SE,7,1013.0,32.3,21,,W,20,1011.0
2015-11-17,12.3,31.0,0,,,NNE,35,15:35,18.8,67,4,SSE,9,1018.4,29.6,25,4,WSW,7,1013.2
2015-11-16,11.6,26.7,0,,,SW,24,13:12,18.4,59,,ENE,7,1019.8,25.5,36,1,SW,11,1016.4
2015-11-15,12.4,25.9,0,,,SE,31,07:39,17.4,48,2,SE,22,1018.3,23.6,33,,E,20,1015.9
2015-11-14,13.8,26.2,0,,,SE,39,20:05,17.8,54,2,SE,17,1013.9,24.3,39,,SSW,13,1011.1
2015-11-13,15.9,27.5,4.8,,,SW,35,13:46,19.0,95,7,SSE,7,1012.8,26.4,33,,SW,24,1009.9
2015-11-12,17.9,28.2,10.6,,,S,50,19:06,20.7,78,8,E,7,1016.7,26.3,49,8,NW,22,1012.0
2015-11-11,17.8,28.3,0,,,NNE,31,12:46,21.8,64,5,SE,6,1017.5,26.6,46,8,NNE,20,1015.7
2015-11-10,15.8,32.3,0,,,W,39,16:19,22.4,68,,ESE,7,1015.4,31.4,31,1,WNW,17,1012.4
2015-11-9,12.0,29.6,0,,,W,30,14:17,19.0,65,,SE,6,1021.1,27.4,37,,SE,11,1015.7
2015-11-8,9.2,25.7,0,,,W,22,16:54,15.2,60,,S,11,1020.9,24.3,32,,SSW,7,1018.3
2015-11-7,12.1,23.4,1.8,,,W,37,12:43,15.6,64,3,W,19,1013.9,22.2,43,1,WSW,20,1013.3
2015-11-6,15.2,25.1,4.2,,,WSW,39,21:48,18.2,90,7,W,6,1008.7,24.4,59,4,W,17,1006.9
2015-11-5,16.6,21.6,6.6,,,NE,39,08:19,19.2,76,8,NE,19,1008.8,20.6,83,8,NNE,17,1006.0
2015-11-4,14.7,28.7,0,,,N,35,16:28,20.9,63,,SE,15,1015.0,27.2,47,,NNE,22,1011.4
2015-11-3,12.3,26.8,0.2,,,WSW,41,11:57,18.2,65,,SE,13,1015.6,26.1,35,,NW,15,1014.1
2015-11-2,15.9,27.1,22.8,,,WNW,44,15:26,19.2,82,8,NNW,11,1010.9,25.1,43,6,W,24,1009.7
2015-11-1,15.0,27.3,15.2,,,WSW,57,15:52,17.7,90,8,ENE,13,1014.0,26.0,50,8,NE,19,1006.6
2015-10-31,17.1,21.7,5.4,,,ENE,28,00:27,18.2,90,7,SE,15,1017.3,19.2,77,8,NE,19,1015.1
2015-10-30,9.7,28.1,0,,,ENE,28,09:47,17.8,59,,SE,9,1020.6,27.2,36,7,E,17,1016.7
2015-10-29,9.3,27.9,0,,,SE,22,15:12,18.5,55,,ESE,9,1021.7,27.2,22,,SSE,15,1018.7
2015-10-28,6.2,25.5,0,,,NE,19,08:05,14.8,54,,ENE,6,1025.0,23.6,29,,SSW,11,1019.5
2015-10-27,13.6,25.3,0,,,SE,48,05:41,15.8,41,,SE,26,1024.1,23.8,30,,SE,17,1021.9
2015-10-26,17.4,25.9,0,,,SE,48,19:42,19.9,55,1,W,19,1014.7,24.9,41,1,W,22,1014.2
2015-10-25,10.0,30.5,0,,,ENE,28,14:06,17.7,67,,ESE,7,1020.1,29.7,20,,N,6,1015.4
2015-10-24,10.3,26.6,0,,,W,30,16:02,17.2,69,,SE,7,1021.9,24.5,34,3,ESE,9,1018.6
2015-10-23,14.1,24.6,0.2,,,N,33,14:31,16.9,59,8,SE,13,1020.8,22.5,41,8,NE,9,1018.5
2015-10-22,13.3,25.2,0.8,,,ESE,33,08:28,18.5,66,,SSE,17,1014.2,24.4,44,2,ESE,17,1013.2
2015-10-21,16.6,24.7,1.6,,,NNW,43,08:58,20.8,80,8,E,7,1012.3,22.2,66,8,N,26,1011.0
2015-10-20,11.3,31.8,0,,,NW,54,14:46,18.7,64,,E,2,1019.4,30.3,31,8,NNW,7,1013.7
2015-10-19,8.3,29.2,0,,,SSE,22,14:10,16.0,63,,SSE,4,1024.5,27.9,44,,SSE,13,1019.9
2015-10-18,8.6,27.5,0,,,NW,22,12:05,15.8,64,,S,6,1026.9,26.2,40,,SE,11,1024.1
2015-10-17,16.0,29.0,0,,,WSW,33,12:32,19.1,82,8,SE,6,1023.0,25.3,46,8,W,20,1022.8
2015-10-16,13.1,29.6,0,,,SSE,22,12:52,18.2,79,8,SSE,2,1021.2,25.8,52,7,S,15,1019.2
2015-10-15,10.5,32.4,0,,,NNW,39,14:15,19.1,72,,SE,7,1023.6,31.1,32,,NNE,11,1018.8
2015-10-14,10.0,27.1,0.4,,,NNE,22,16:17,16.7,74,,ESE,7,1025.0,26.4,44,1,ESE,11,1021.8
2015-10-13,8.7,24.2,0,,,NE,39,12:07,16.0,60,,SE,19,1022.0,22.9,45,,SE,13,1020.0
2015-10-12,10.7,24.4,1.8,,,WNW,37,15:32,16.4,80,,S,6,1016.0,24.0,42,1,W,15,1014.0
2015-10-11,15.4,22.1,0.4,,,SE,37,03:38,16.9,85,8,S,7,1022.2,20.0,76,8,NNE,11,1019.2
2015-10-10,13.2,29.7,0,,,N,35,02:03,19.0,63,,SE,11,1027.7,28.0,37,,WNW,15,1024.4
2015-10-9,10.3,27.8,0,,,SSE,22,20:04,15.5,75,8,ENE,4,1032.8,26.1,48,,SSE,9,1028.1
2015-10-8,10.2,23.1,0,,,E,17,11:05,14.8,66,7,S,7,1035.2,20.6,53,7,SSE,11,1032.2
2015-10-7,12.0,24.3,0,,,SSE,30,10:56,14.6,63,3,SSE,4,1027.6,23.3,32,,SE,17,1028.4
2015-10-6,10.0,34.1,0,,,NNW,48,14:03,17.4,73,,SSE,7,1020.4,33.4,14,,NNW,31,1016.5
2015-10-5,10.1,31.0,0,,,N,26,14:18,16.3,70,, ,Calm,1024.5,30.3,28,,NNE,13,1021.4
2015-10-4,9.6,29.4,0,,,NW,26,13:07,15.4,76,,NE,4,1024.8,29.0,25,,NNW,17,1022.1
2015-10-3,6.9,27.1,0,,,ESE,26,13:00,16.3,71,,SE,6,1032.4,26.6,35,,NW,11,1026.1
2015-10-2,4.8,24.6,0,,,SSW,20,15:21,14.9,65,,E,6,1034.4,24.5,37,,SW,9,1030.5
2015-10-1,3.7,21.1,0,,,WNW,30,12:33,13.2,65,,ESE,2,1028.0,20.5,38,,W,13,1026.6
2015-09-30,3.1,19.7,0,,,E,20,11:59,12.2,64,,SSE,7,1022.8,19.0,32,,NE,9,1020.4
2015-09-29,6.8,20.1,0,,,WNW,37,15:37,15.8,54,5,NNW,11,1017.7,19.7,48,,W,20,1016.4
2015-09-28,4.8,22.6,0,,,NNW,37,13:37,13.2,75,,E,7,1020.8,22.1,37,,NNW,15,1016.5
2015-09-27,4.3,21.3,0,,,W,28,14:50,13.5,71,,E,6,1025.4,20.7,50,,W,15,1020.8
2015-09-26,4.5,20.1,0,,,SE,22,08:44,13.7,59,,SE,17,1030.9,19.3,45,,W,9,1025.9
2015-09-25,2.9,19.0,0,,,SE,33,12:12,12.3,60,,W,2,1032.4,18.6,39,,SE,17,1028.3
2015-09-24,1.7,16.9,0,,,SE,39,16:24,9.6,58,,SSE,9,1031.8,16.4,44,4,ESE,20,1027.7
2015-09-23,-0.2,14.9,0,,,SE,43,22:36,9.3,55,,SSE,6,1031.7,14.6,38,,ESE,11,1028.9
2015-09-22,6.2,16.3,0.2,,,SW,41,16:18,10.7,68,,WSW,20,1021.8,15.3,36,4,SW,20,1022.0
2015-09-21,6.4,20.9,0,,,W,35,23:56,12.6,82,8, ,Calm,1019.0,20.5,50,3,NW,17,1014.9
2015-09-20,5.6,21.5,0,,,ENE,22,13:37,13.5,74,,E,7,1023.9,20.4,52,2,NE,11,1019.7
2015-09-19,6.1,20.4,0,,,NE,24,12:01,13.7,70,,SE,7,1026.8,19.2,42,6,NNE,11,1022.5
2015-09-18,3.6,19.2,0,,,SE,24,10:03,12.9,67,,SE,9,1027.3,18.4,44,,SSE,9,1025.0
2015-09-17,3.7,17.9,0,,,WSW,35,16:09,10.9,77,,SSE,4,1021.2,17.5,45,,WSW,24,1020.5
2015-09-16,2.5,16.7,0,,,WNW,35,15:50,10.3,79,,S,2,1019.1,16.1,50,3,WNW,17,1016.8
2015-09-15,13.3,18.0,0,,,W,54,09:43,14.8,73,7,W,28,1013.9,17.2,49,1,W,28,1015.3
2015-09-14,7.3,24.1,0,,,NNE,33,14:56,14.6,75,,E,7,1023.8,23.6,49,,N,20,1018.5
2015-09-13,6.6,23.2,0,,,NE,20,13:52,15.2,79,,E,7,1028.1,22.9,45,,NE,9,1024.3
2015-09-12,6.0,21.1,0,,,W,20,14:55,12.1,81,,SE,4,1029.2,20.4,52,8,W,11,1025.9
2015-09-11,3.9,19.4,0,,,NNE,30,14:08,11.0,79,,ESE,7,1031.9,19.1,52,1,NNW,19,1027.7
2015-09-10,4.9,19.0,0.2,,,ESE,28,13:37,10.8,69,,S,7,1031.7,17.2,43,,E,7,1029.5
2015-09-9,0.7,17.5,0.2,,,W,41,15:22,7.1,80,,NE,6,1026.6,16.8,50,5,WSW,26,1024.4
2015-09-8,6.1,14.9,1.0,,,WSW,43,17:56,7.9,94,7,NNW,11,1020.8,14.1,63,3,W,20,1018.6
2015-09-7,8.2,13.6,1.6,,,WSW,50,13:43,9.9,76,8,W,15,1019.6,12.7,53,2,WNW,28,1018.0
2015-09-6,5.2,16.4,0,,,N,33,14:57,8.7,90,8,SW,6,1022.8,16.0,58,3,N,22,1018.7
2015-09-5,3.2,17.6,0,,,WNW,22,17:28,7.2,99,8,NNE,6,1024.3,17.5,59,6,W,11,1020.7
2015-09-4,3.4,17.5,1.2,,,WNW,24,14:33,9.8,82,,SE,6,1023.3,15.5,57,3,WNW,13,1021.0
2015-09-3,7.5,17.9,23.0,,,SW,35,13:33,10.3,96,8,WNW,2,1009.1,17.0,45,,S,22,1011.7
2015-09-2,1.9,17.6,0,,,ENE,31,14:25,7.6,87,8,ESE,7,1016.5,16.7,53,,E,17,1009.0
2015-09-1,1.1,14.9,0,,,NNW,24,15:42,5.3,99,8,E,7,1018.2,14.2,50,,WNW,9,1015.6
2015-08-31,2.2,15.0,0,,,W,24,12:55,8.3,72,, ,Calm,1020.1,14.8,53,,NW,15,1016.8
2015-08-30,1.5,15.5,0.2,,,W,19,13:51,8.8,79,, ,Calm,1023.2,15.0,49,,WSW,9,1020.1
2015-08-29,1.2,13.7,0,,,W,30,12:50,5.1,99,8,W,6,1025.0,13.6,46,,WSW,17,1022.1
2015-08-28,4.2,16.2,0,,,WNW,24,16:25,7.7,99,8, ,Calm,1023.4,16.1,55,2,W,15,1021.5
2015-08-27,9.8,15.8,10.6,,,W,44,14:49,10.7,94,8,W,11,1020.7,12.3,73,8,W,31,1017.9
2015-08-26,5.8,15.0,15.2,,,S,19,14:51,11.7,65,8,SSE,7,1025.5,14.8,60,8,SSW,9,1022.2
2015-08-25,8.8,11.7,15.2,,,SSE,35,10:17,10.1,87,8,SSW,9,1020.7,9.7,91,7,S,11,1022.3
2015-08-24,7.5,13.5,0,,,SSE,35,19:44,11.9,76,8,SE,13,1018.6,12.2,78,8,SE,19,1015.7
2015-08-23,8.9,17.7,0.8,,,ENE,15,14:31,11.3,89,7,SSE,2,1020.3,16.9,59,8,NNE,9,1018.6
2015-08-22,7.9,20.7,1.4,,,N,24,12:36,12.9,92,3,ESE,2,1017.8,19.9,52,1,NNW,11,1016.0
2015-08-21,2.0,16.4,0,,,NNE,37,21:06,9.6,81,8,E,7,1024.2,16.0,59,8,NE,11,1020.1
2015-08-20,0.4,16.8,0.2,,,ESE,19,12:54,7.1,78,, ,Calm,1028.6,16.2,54,1,NNE,9,1025.0
2015-08-19,-0.1,13.0,0,,,NE,19,12:27,3.8,94,8, ,Calm,1027.8,12.0,51,,SSW,9,1025.3
2015-08-18,-0.9,12.7,0,,,SW,17,14:32,5.3,79,, ,Calm,1023.0,12.4,45,5,W,7,1021.9
2015-08-17,5.5,14.2,0,,,WSW,43,15:30,9.8,82,8,WNW,17,1018.3,13.4,64,5,WNW,19,1015.8
2015-08-16,1.7,15.9,0.2,,,W,30,14:28,5.5,100,8,SE,6,1028.5,14.6,55,7,WNW,19,1023.8
2015-08-15,2.1,17.0,0,,,E,17,14:01,6.1,100,8,NE,2,1032.0,14.7,52,,S,4,1029.4
2015-08-14,4.2,12.8,0,,,ENE,13,15:21,8.6,93,8,ENE,6,1027.2,12.5,75,8,NE,7,1026.6
2015-08-13,1.7,12.3,5.4,,,WSW,33,12:32,7.5,90,4,WSW,15,1019.2,11.0,78,8,W,15,1020.1
2015-08-12,1.8,9.0,0,,,N,28,10:08,7.7,86,8,SE,6,1003.9,7.3,86,8,ENE,9,1005.0
2015-08-11,3.0,14.2,1.8,,,NNW,30,15:00,7.5,99,,SSE,6,1015.1,14.0,53,8,NNW,15,1011.9
2015-08-10,3.8,15.1,0,,,NNE,31,14:15,7.3,99,7,SE,9,1016.4,14.3,58,8,NNW,19,1011.6
2015-08-9,0.8,11.0,0,,,ENE,13,14:52,4.9,100,8,ESE,4,1024.3,10.8,74,8,E,9,1019.8
2015-08-8,1.3,14.0,0,,,NNW,44,19:38,5.1,99,8,SE,2,1026.2,13.3,64,1,WNW,9,1023.3
2015-08-7,5.0,12.6,1.4,,,WNW,52,16:20,7.6,100,8,ENE,9,1025.6,12.1,67,8,W,9,1023.7
2015-08-6,2.0,10.9,1.4,,,SW,20,11:17,5.2,87,8,WSW,13,1019.9,10.2,73,8,WNW,13,1020.6
2015-08-5,2.2,11.5,4.2,,,W,46,11:47,7.2,94,8,WNW,24,1014.2,10.9,71,2,W,22,1012.2
2015-08-4,-2.4,8.6,1.4,,,W,30,15:21,2.5,85,,ENE,6,1025.1,7.7,55,8,WNW,19,1021.9
2015-08-3,7.5,11.7,2.6,,,WSW,52,12:48,8.3,85,8,WNW,26,1017.7,11.0,51,,WSW,26,1018.6
2015-08-2,7.2,11.9,27.2,,,WNW,35,13:38,8.7,99,8,W,13,1013.4,11.2,60,8,WSW,20,1014.6
2015-08-1,3.8,10.3,1.2,,,NW,17,12:11,8.8,99,7,E,9,1015.4,10.2,98,7, ,Calm,1014.8
2015-07-31,7.2,13.8,0.2,,,N,22,15:02,9.7,78,, ,Calm,1021.4,13.6,55,,N,11,1019.8
2015-07-30,3.3,12.5,0,,,NNW,30,15:39,7.1,90,6,ESE,6,1026.0,11.9,64,8,NNW,19,1021.1
2015-07-29,1.0,12.2,0,,,E,17,09:44,4.5,99,8,E,9,1035.6,11.2,73,8,ENE,2,1031.2
2015-07-28,1.4,13.8,0,,,WNW,26,16:22,6.3,86,7, ,Calm,1036.0,12.5,67,8,WSW,13,1033.5
2015-07-27,0.7,9.5,0,,,WNW,26,14:35,3.3,87,,W,11,1029.1,9.2,70,8,WNW,15,1029.3
2015-07-26,8.2,11.8,3.0,,,W,54,15:03,8.6,87,8,WNW,17,1016.5,11.0,55,8,W,33,1017.1
2015-07-25,6.5,13.6,5.8,,,NW,35,04:36,9.2,82,8,NNW,17,1019.0,12.8,55,1,NNW,24,1017.1
2015-07-24,2.2,12.8,0.2,,,NNW,39,16:57,6.5,94,, ,Calm,1018.1,12.0,88,8,N,13,1012.9
2015-07-23,7.5,16.9,2.8,,,ENE,13,10:49,9.2,95,8,NNE,2,1027.1,16.7,58,,ENE,2,1023.4
2015-07-22,4.5,13.5,3.0,,,NNE,48,04:59,10.4,89,8,NNE,20,1023.2,12.1,83,8,N,19,1022.5
2015-07-21,-0.3,15.9,0,,,NNE,28,14:26,4.6,95,8, ,Calm,1032.4,15.2,56,7,NE,19,1026.3
2015-07-20,-1.6,13.7,0,,,E,15,10:54,2.6,93,4, ,Calm,1035.3,13.5,58,,E,7,1031.5
2015-07-19,-1.5,13.0,0,,,SE,13,12:36,3.0,83,,ESE,4,1034.7,12.4,52,,SE,9,1032.1
2015-07-18,-1.6,12.4,0,,,NNW,52,21:46,2.9,90,, ,Calm,1029.5,11.8,46,,SSE,7,1028.9
2015-07-17,-1.4,11.5,0.2,,,W,31,11:55,3.6,88,,WNW,6,1019.1,10.4,66,3,WSW,20,1019.3
2015-07-16,2.9,11.9,4.4,,,SW,19,14:10,5.8,90,8,SSW,6,1020.1,10.5,67,,WSW,11,1017.3
2015-07-15,4.4,6.8,10.0,,,NE,30,00:28,4.7,96,8,S,13,1016.6,6.4,93,8,SSE,11,1017.1
2015-07-14,5.0,9.1,0,,,W,33,01:50,6.5,78,,WNW,11,1014.9,7.6,63,8,NW,17,1014.1
2015-07-13,5.9,13.7,2.8,,,W,50,13:28,11.3,78,8,WSW,24,1008.2,11.8,64,,W,30,1009.1
2015-07-12,5.1,11.3,5.4,,,W,30,17:48,5.9,95,8,ESE,6,1005.9,8.6,81,8,W,17,1004.3
2015-07-11,8.0,13.9,2.4,,,NNE,43,15:49,11.2,85,7,NNE,13,1012.0,12.5,80,8,N,19,1005.2
2015-07-10,3.3,14.2,1.8,,,NE,24,15:46,9.0,94,8,SE,6,1020.4,13.0,69,8,NNE,13,1017.2
2015-07-9,-0.5,13.2,0,,,SE,17,15:41,3.3,92,3, ,Calm,1030.1,12.6,61,2,SE,11,1025.3
2015-07-8,0.1,14.8,0,,,E,13,10:47,4.5,86,,SE,6,1028.9,14.1,55,,E,6,1026.8
2015-07-7,4.8,14.8,0,,,SSE,20,09:11,7.6,83,,SE,9,1022.7,13.7,54,,ESE,4,1022.0
2015-07-6,3.6,10.0,0,,,WSW,17,14:45,8.2,84,8, ,Calm,1019.2,9.7,70,8,WSW,9,1017.8
2015-07-5,0.7,11.8,0,,,SSE,13,14:02,3.6,91,8, ,Calm,1023.9,11.6,59,8,NW,6,1020.8
2015-07-4,1.1,11.6,0,,,W,24,13:50,2.6,94,8, ,Calm,1026.3,10.3,56,8,W,13,1023.8
2015-07-3,-2.1,11.0,0.8,,,NW,20,15:10,2.5,87,, ,Calm,1029.0,10.8,46,4,NNW,13,1026.7
2015-07-2,4.6,12.1,0.8,,,WSW,50,13:21,6.9,87,,N,7,1022.4,11.3,52,1,SW,28,1022.1
2015-07-1,2.9,10.6,0,,,W,19,11:24,5.3,99,8,ENE,6,1029.5,10.1,68,,NNW,6,1026.1
2015-06-30,1.0,8.6,0,,,WSW,15,13:12,5.0,99,8,ESE,9,1029.7,8.2,85,8,WSW,7,1028.0
2015-06-29,0.4,15.0,0,,,E,15,11:50,3.3,99,8,SSE,7,1034.3,12.8,66,,SSE,6,1030.1
2015-06-28,5.6,12.4,0.2,,,N,20,16:32,7.3,90,1, ,Calm,1034.3,11.0,65,1,ENE,7,1032.8
2015-06-27,2.3,13.2,0,,,W,19,20:53,6.1,100,7, ,Calm,1035.0,11.3,68,5,SE,6,1032.2
2015-06-26,1.8,14.3,0.2,,,ENE,11,08:03,4.6,100,8,N,7,1034.0,13.9,69,,E,6,1032.0
2015-06-25,8.2,13.4,1.0,,,SSE,17,05:59,8.8,100,8,WSW,11,1026.1,12.2,76,4,NNE,7,1026.8
2015-06-24,7.0,14.0,7.2,,,ESE,15,14:32,9.8,100,8,NE,2,1022.1,13.6,91,8,SSE,11,1020.6
2015-06-23,1.4,16.8,0,,,N,28,12:14,7.3,98,, ,Calm,1026.0,15.8,58,8,ENE,15,1021.9
2015-06-22,-1.2,11.3,0,,,E,13,14:28,3.7,99,, ,Calm,1030.0,10.6,74,3,ESE,7,1026.4
2015-06-21,-1.5,12.1,0,,,ENE,15,15:26,3.1,86,,ENE,2,1030.0,11.6,62,,ESE,6,1027.5
2015-06-20,-0.9,12.2,0.2,,,SE,20,11:24,3.6,80,,S,4,1026.3,11.3,53,,ESE,6,1025.3
2015-06-19,5.8,13.7,16.4,,,SSE,22,10:42,8.5,78,,S,11,1021.3,13.2,54,3,S,7,1020.2
2015-06-18,9.9,11.1,22.4,,,SSE,15,22:50,10.4,100,8, ,Calm,1016.2,10.7,100,8, ,Calm,1015.6
2015-06-17,11.3,12.6,11.6,,,W,20,17:57,12.2,100,8,S,2,1010.9,12.6,100,8,WSW,6,1009.1
2015-06-16,5.9,14.4,14.6,,,ESE,19,02:28,11.3,100,8,ESE,6,1019.9,14.2,100,8,N,6,1016.4
2015-06-15,1.8,14.0,0.2,,,ESE,17,11:58,5.9,100,4, ,Calm,1027.4,13.9,70,8,ESE,6,1023.5
2015-06-14,2.4,15.7,0,,,E,15,12:10,6.1,100,2, ,Calm,1029.3,14.4,72,6,E,9,1025.9
2015-06-13,0.3,15.3,0,,,N,11,04:13,5.1,100,7, ,Calm,1032.1,14.8,67,6,ESE,7,1027.7
2015-06-12,-0.8,15.2,0.2,,,SE,13,13:36,5.4,95,, ,Calm,1035.6,14.6,58,,SE,6,1031.7
2015-06-11,0.7,15.2,0,,,ESE,41,16:08,6.5,75,, ,Calm,1037.8,15.2,52,,E,9,1034.2
2015-06-10,-1.0,13.4,0,,,SE,22,11:57,4.7,85,, ,Calm,1033.4,13.2,51,,SE,9,1032.0
2015-06-9,4.3,15.0,0,,,W,37,13:22,12.2,83,8,WNW,19,1021.1,12.6,50,2,WSW,19,1023.2
2015-06-8,1.0,16.7,0.2,,,N,44,18:38,4.3,100,8, ,Calm,1024.7,16.4,54,,N,17,1020.0
2015-06-7,2.3,10.9,0,,,E,15,02:56,5.0,100,8,ESE,7,1030.4,10.6,81,6,ESE,7,1026.2
2015-06-6,0.8,13.2,0.2,,,NNW,17,15:37,3.3,100,8,SSW,6,1031.4,13.0,65,,N,4,1029.4
2015-06-5,2.6,13.3,6.4,,,SSE,17,06:59,7.1,86,1,SSE,9,1022.1,12.0,59,,SSE,9,1022.6
2015-06-4,-1.2,9.9,0.2,,,NNE,17,16:14,2.6,99,8,ENE,4,1023.5,9.0,76,8,ESE,11,1018.6
2015-06-3,-1.2,12.6,0,,,E,17,12:12,2.9,84,, ,Calm,1025.7,11.4,54,,ESE,6,1022.9
2015-06-2,-1.4,12.5,0,,,SSW,15,15:04,3.2,83,,E,4,1028.3,11.9,48,,NNE,2,1025.3
2015-06-1,3.8,11.5,2.4,,,W,44,01:07,6.0,75,,W,19,1021.5,10.8,52,7,W,22,1022.4
2015-05-31,8.4,14.5,0,,,NW,33,22:22,9.6,80,8,NE,6,1018.4,13.8,64,7,NW,17,1013.9
2015-05-30,5.0,15.4,0,,,WNW,31,14:26,8.8,95,8,SSE,2,1024.0,13.7,52,8,NW,19,1020.2
2015-05-29,9.1,15.8,11.2,,,WNW,30,14:18,11.0,100,1, ,Calm,1022.6,14.0,64,7,WSW,13,1021.8
2015-05-28,7.4,18.7,3.2,,,NNE,33,15:32,11.7,96,8,E,15,1022.7,18.5,70,4,NNE,20,1018.1
2015-05-27,5.7,14.7,0.2,,,ENE,20,14:54,8.8,100,7, ,Calm,1025.2,14.0,74,8,ENE,17,1022.3
2015-05-26,2.0,13.8,0,,,ESE,13,10:58,6.9,77,, ,Calm,1030.9,13.2,68,8,ESE,2,1026.9
2015-05-25,2.6,15.2,0,,,ESE,15,17:33,6.9,96,, ,Calm,1033.1,14.2,58,8,SE,7,1029.9
2015-05-24,-0.2,13.9,0,,,SE,13,14:36,3.5,99,, ,Calm,1033.3,13.3,65,1,ESE,9,1030.6
2015-05-23,1.4,16.6,0,,,NNW,13,13:48,6.1,82,,WSW,4,1031.8,16.5,49,,NW,4,1029.4
2015-05-22,8.0,16.9,0,,,SE,35,10:01,12.5,61,,S,13,1025.4,16.5,48,,SE,13,1025.1
2015-05-21,6.1,15.0,0,,,W,17,15:44,11.5,85,,ENE,4,1020.9,14.8,65,7,W,9,1019.7
2015-05-20,10.3,17.6,12.8,,,WNW,26,14:30,14.9,89,8,N,11,1014.4,16.9,69,8,NW,17,1014.5
2015-05-19,6.7,17.4,3.4,,,W,57,14:10,10.4,95,8,NE,2,1017.6,13.1,95,8,SSW,13,1011.8
2015-05-18,2.3,19.2,0,,,NE,13,13:44,6.6,99,, ,Calm,1031.8,18.5,47,,ESE,4,1025.8
2015-05-17,2.4,18.0,0.2,,,E,20,09:35,8.6,99,,ESE,7,1036.6,17.4,54,,SE,6,1032.2
2015-05-16,3.2,18.9,0,,,E,44,12:29,8.8,86,, ,Calm,1037.4,18.0,53,,E,2,1033.5
2015-05-15,2.3,17.8,0,,,SSE,15,12:41,6.0,100,8,SE,2,1034.4,17.0,53,,SSE,6,1031.9
2015-05-14,2.6,15.8,0,,,W,26,15:57,7.6,84,,W,13,1029.9,15.0,55,7,W,17,1028.7
2015-05-13,4.5,13.5,0.6,,,W,43,14:57,6.1,79,5,W,19,1020.8,11.8,48,2,WSW,31,1022.4
2015-05-12,11.2,17.2,0.8,,,W,44,16:23,12.2,91,8,NW,20,1015.4,15.8,64,8,NNW,24,1012.1
2015-05-11,9.9,18.0,9.2,,,W,50,12:36,12.4,97,8,WNW,26,1011.9,16.4,52,8,W,28,1013.2
2015-05-10,10.4,14.3,2.8,,,WNW,72,14:44,10.6,87,8,NW,19,1009.6,12.6,83,8,WNW,30,1005.4
2015-05-9,9.9,15.4,0.8,,,NW,39,15:15,11.8,91,8,NW,15,1018.6,14.2,71,8,WNW,24,1015.9
2015-05-8,6.1,13.8,0,,,W,28,16:49,10.1,74,8,NNW,9,1022.6,13.0,62,8,NW,11,1020.0
2015-05-7,6.7,14.7,0.2,,,W,35,12:51,9.7,84,8,WNW,19,1021.1,13.2,58,6,WNW,19,1019.3
2015-05-6,2.7,15.5,0,,,WNW,41,22:15,9.1,73,,W,13,1017.9,14.3,55,7,WNW,19,1017.0
2015-05-5,5.5,20.5,0,,,NW,65,13:28,11.9,86,8,SSE,6,1005.9,17.6,36,8,WNW,35,1005.2
2015-05-4,5.0,22.3,0,,,WNW,17,14:32,12.4,80,,NNE,2,1017.5,21.2,37,,N,11,1013.3
2015-05-3,7.5,23.7,0,,,W,22,12:45,13.5,85,,N,2,1019.1,23.2,37,,W,13,1015.6
2015-05-2,7.7,20.7,0,,,S,11,12:13,11.7,84,, ,Calm,1022.5,20.1,60,7,SSE,7,1017.6
2015-05-1,6.4,22.5,0,,,ESE,19,10:16,13.5,71,, ,Calm,1028.6,22.0,38,,SSE,9,1024.1
