100.0,100.0,true
2016-05-14,16.4,28.4,0,,,SE,41,01:31,23.6,60,,S,9,1019.0,27.4,56,,ESE,20,1016.3
2016-05-13,16.0,28.2,0,,,E,41,17:11,22.9,55,,S,9,1019.9,26.2,54,,E,22,1016.4
2016-05-12,15.6,27.3,0,,,SE,46,21:52,19.7,54,,SSW,11,1017.8,26.7,52,,ESE,19,1014.8
2016-05-11,23.6,29.2,0,,,SSW,39,09:06,26.0,32,,SSW,17,1015.5,27.4,32,,SSW,9,1013.3
2016-05-10,22.4,29.0,0,,,NNE,22,14:49,28.0,66,,E,7,1014.5,28.0,66,,NE,19,1011.3
2016-05-9,25.3,29.1,0,,,ENE,30,04:20,27.8,63,,E,13,1015.3,28.3,59,,ENE,13,1012.4
2016-05-8,24.1,28.4,0,,,ESE,35,00:50,25.9,74,,ESE,17,1016.0,26.7,63,,E,20,1012.6
2016-05-7,24.6,29.2,0,,,E,37,19:51,27.1,67,,ESE,17,1015.5,27.9,67,,E,20,1012.9
2016-05-6,24.9,29.8,0,,,E,33,18:35,27.8,68,,ESE,15,1016.4,27.3,70,,E,20,1013.0
2016-05-5,22.2,29.6,0,,,E,35,21:14,26.5,75,,SE,13,1016.7,27.9,70,,E,17,1013.2
2016-05-4,22.4,29.0,0,,,NE,24,14:39,27.4,70,,E,7,1015.5,28.1,65,,NNE,20,1011.9
2016-05-3,22.9,29.2,0,,,NE,24,21:19,27.6,71,,E,7,1014.8,28.0,67,,NE,17,1011.3
2016-05-2,24.9,29.0,0,,,NE,24,17:14,28.1,70,,ENE,9,1015.7,28.2,70,,ENE,15,1012.4
2016-05-1,24.3,29.5,0,,,ESE,28,00:22,27.6,69,,ESE,11,1017.3,27.7,72,,E,13,1013.6
2016-04-30,22.7,29.7,0,,,ESE,30,12:19,26.7,69,,SE,13,1017.4,27.6,70,,E,17,1014.2
2016-04-29,23.1,29.9,0.4,,,ESE,39,10:05,26.5,68,,SE,22,1017.3,28.0,65,,E,22,1013.9
2016-04-28,20.4,28.9,0,,,SW,46,06:16,25.9,68,,SE,13,1016.0,27.9,65,,ESE,17,1014.3
2016-04-27,21.3,28.6,0.4,,,ESE,41,12:16,25.6,67,,SSE,15,1016.1,27.7,61,,ESE,20,1013.1
2016-04-26,19.9,28.9,0,,,SE,59,21:25,25.7,59,,SSE,13,1017.3,27.0,59,,E,24,1014.3
2016-04-25,20.8,29.3,0,,,SE,48,09:07,25.9,54,,SE,20,1018.4,28.3,55,,ESE,22,1015.5
2016-04-24,20.1,30.1,0,,,ESE,43,17:16,26.6,67,,SE,15,1016.5,28.6,54,,ESE,28,1014.5
2016-04-23,20.1,29.6,0,,,E,35,16:05,25.9,69,,SSE,7,1015.5,27.7,60,,E,20,1012.9
2016-04-22,20.8,29.3,0,,,E,37,20:17,25.9,69,,SE,9,1016.8,27.8,62,,E,24,1013.3
2016-04-21,21.6,29.6,0,,,SE,37,09:30,26.8,69,,SE,19,1017.8,27.9,62,,E,20,1014.7
2016-04-20,21.7,29.5,0,,,E,37,15:20,27.0,66,,SE,11,1017.5,28.3,64,,E,26,1014.7
2016-04-19,21.3,29.4,0,,,ESE,41,21:55,26.4,68,,SSE,9,1015.9,27.2,66,,E,19,1013.2
2016-04-18,20.6,29.2,1.6,,,E,33,17:25,24.8,73,,SW,6,1015.0,27.4,63,,E,20,1011.7
2016-04-17,20.3,28.4,0,,,SE,35,18:32,25.9,64,,S,9,1015.4,27.9,61,,ESE,20,1011.8
2016-04-16,23.0,28.5,0.6,,,SE,43,05:33,25.8,66,,SSE,13,1016.5,27.1,57,,E,20,1012.6
2016-04-15,22.1,28.6,13.4,,,ESE,54,11:19,25.4,75,,SSE,13,1016.9,28.1,67,,ESE,22,1014.5
2016-04-14,22.4,25.7,34.8,,,SE,54,06:51,23.0,96,,SSE,19,1016.3,25.2,85,,SE,20,1014.6
2016-04-13,20.7,30.9,0,,,SE,48,20:44,27.1,61,,SE,11,1015.0,29.7,58,,ESE,22,1012.4
2016-04-12,21.6,30.0,0,,,E,41,19:18,26.6,63,,SSE,11,1014.9,28.3,60,,ENE,19,1011.4
2016-04-11,23.0,30.5,0.4,,,ENE,35,19:19,27.4,69,,SE,11,1015.8,28.6,60,,E,20,1012.4
2016-04-10,22.9,28.9,13.2,,,ESE,39,00:19,24.8,88,,ESE,13,1017.7,28.6,68,,E,13,1014.4
2016-04-9,19.7,28.4,0,,,E,48,21:50,25.7,66,,S,13,1016.9,27.1,72,,E,24,1014.6
2016-04-8,20.2,30.2,4.2,,,ENE,46,16:26,26.3,62,,SSE,9,1016.9,27.1,70,,E,28,1013.9
2016-04-7,23.2,28.3,7.0,,,SE,48,11:05,24.5,82,,ESE,20,1017.6,27.8,73,,ESE,20,1014.4
2016-04-6,20.4,31.8,0.2,,,E,43,20:47,26.9,58,,S,11,1016.3,28.7,62,,E,24,1012.8
2016-04-5,20.2,,0,,,SE,37,00:26,26.7,61,,SSE,9,1014.5,28.6,56,,E,24,1011.8
2016-04-4,20.3,31.7,0,,,E,43,19:07,26.1,64,,S,13,1014.8,29.1,58,,E,22,1011.4
2016-04-3,22.3,31.4,0,,,E,46,19:26,27.5,57,,SE,13,1015.6,29.4,51,,E,28,1013.4
2016-04-2,23.2,31.4,0,,,E,33,00:46,29.1,64,,ESE,17,1017.1,29.8,55,,E,20,1014.0
2016-04-1,24.0,31.8,0,,,E,46,19:07,28.4,63,,SE,17,1015.3,29.4,59,,E,20,1012.7
2016-03-31,22.3,31.1,0,,,E,30,21:40,28.5,61,,SE,9,1015.1,29.5,56,,ENE,20,1011.5
2016-03-30,22.7,30.5,0,,,ENE,28,20:35,28.3,60,,SE,7,1015.6,29.7,56,,ENE,19,1012.6
2016-03-29,22.6,31.2,0,,,ENE,30,16:01,28.9,62,,ESE,15,1016.7,29.2,60,,ENE,20,1013.8
2016-03-28,22.0,30.6,0,,,ENE,33,14:40,28.6,59,,SE,9,1015.6,29.1,58,,ENE,24,1013.0
2016-03-27,22.4,29.8,0,,,ENE,31,19:39,27.2,58,,S,7,1014.5,28.8,54,,ENE,17,1012.1
2016-03-26,21.9,30.9,0,,,ENE,31,17:02,27.6,59,,SSE,7,1015.6,29.3,52,,E,15,1012.9
2016-03-25,23.8,31.5,0,,,ENE,35,17:18,28.8,62,,ESE,17,1016.3,29.5,58,,E,19,1013.5
2016-03-24,26.9,32.1,0,,,E,44,19:02,29.8,66,,E,22,1016.7,30.0,61,,E,24,1013.8
2016-03-23,24.5,31.0,3.6,,,E,39,00:29,28.9,73,,ESE,13,1013.4,29.3,63,,E,19,1011.6
2016-03-22,23.4,30.4,5.6,,,E,33,23:20,29.2,69,,ESE,7,1008.9,29.8,72,,NE,17,1006.7
2016-03-21,27.2,30.8,0,,,NNE,31,23:51,29.4,67,,NE,13,1009.2,29.9,66,,NE,20,1005.7
2016-03-20,25.2,30.3,0,,,NE,24,17:35,29.3,74,,ESE,7,1009.8,29.8,69,,NE,17,1006.7
2016-03-19,23.1,30.6,0,,,NE,24,17:49,28.1,68,,S,7,1007.2,30.1,64,,ENE,19,1005.2
2016-03-18,23.6,30.9,3.0,,,ESE,39,08:56,27.7,70,,SE,19,1005.7,30.7,62,,ESE,22,1003.1
2016-03-17,24.3,28.3,34.4,,,E,43,09:09,26.2,81,,ENE,24,1008.3,26.5,79,,ESE,17,1004.8
2016-03-16,24.5,27.8,26.0,,,ENE,46,00:45,27.1,89,,E,15,1009.8,25.0,92,,E,24,1007.4
2016-03-15,25.8,30.8,3.4,,,E,46,21:20,27.4,88,,ESE,15,1010.5,28.9,74,,E,28,1007.2
2016-03-14,24.2,31.4,0,,,E,39,21:12,29.4,65,,ESE,11,1011.2,29.2,69,,E,20,1008.0
2016-03-13,24.1,31.0,14.2,,,E,33,22:06,27.7,68,,SSE,6,1012.9,29.7,63,,ENE,15,1009.3
2016-03-12,24.6,29.6,9.0,,,ESE,46,18:45,25.7,94,,SSW,7,1014.1,29.0,70,,ESE,22,1010.5
2016-03-11,24.7,31.7,18.0,,,E,46,20:30,29.4,73,,ESE,15,1014.5,29.2,68,,E,22,1010.9
2016-03-10,25.3,29.8,32.2,,,E,50,01:21,26.2,94,,SW,4,1016.2,28.7,71,,ESE,24,1012.0
2016-03-9,24.4,31.1,3.0,,,E,54,22:00,28.0,76,,SE,13,1014.2,30.2,71,,ESE,20,1011.3
2016-03-8,25.4,31.1,0.6,,,E,46,17:02,26.5,91,,SSE,6,1013.1,29.7,69,,ESE,28,1011.0
2016-03-7,24.0,30.9,17.6,,,SE,41,13:00,28.1,69,,ESE,19,1012.8,29.5,69,,SE,22,1009.7
2016-03-6,23.9,29.4,54.2,,,ENE,41,00:50,24.4,96,,SSW,6,1013.1,29.0,70,,ESE,9,1009.8
2016-03-5,23.0,28.3,45.6,,,E,46,06:36,24.7,95,,E,17,1014.3,27.4,76,,ESE,13,1011.2
2016-03-4,23.6,27.6,75.0,,,ESE,63,07:01,25.3,93,,ESE,26,1014.8,26.6,83,,E,24,1011.2
2016-03-3,24.9,30.6,23.2,,,E,65,22:30,27.4,83,,ESE,22,1013.6,29.3,69,,E,28,1011.6
2016-03-2,24.2,33.9,4.4,,,ESE,43,13:52,28.9,64,,S,13,1012.5,32.3,56,,ESE,22,1009.5
2016-03-1,24.6,32.4,0,,,ENE,35,00:05,28.5,64,,S,7,1012.9,30.3,57,,NE,17,1009.0
2016-02-29,26.7,32.9,0,,,ENE,33,23:04,30.6,66,,NNE,17,1012.2,31.5,61,,NNE,19,1009.7
2016-02-28,26.1,32.7,0,,,NNE,26,16:22,30.6,56,,N,9,1013.3,31.7,52,,N,17,1010.3
2016-02-27,25.1,33.5,0,,,N,31,12:31,30.6,52,,NW,9,1010.6,31.8,46,,N,20,1008.4
2016-02-26,23.5,31.5,0,,,ENE,28,00:49,29.1,53,,ENE,9,1013.3,31.1,55,,N,19,1009.2
2016-02-25,22.8,32.1,0.6,,,E,33,12:27,28.6,60,,SE,13,1014.0,29.8,61,,E,22,1011.3
2016-02-24,22.8,32.2,0,,,ESE,39,00:22,29.3,57,,SE,11,1013.6,29.5,57,,E,24,1010.2
2016-02-23,24.6,32.8,3.6,,,ESE,57,00:59,29.1,64,,SE,26,1013.6,30.8,58,,ESE,28,1010.5
2016-02-22,24.4,32.7,3.2,,,E,48,18:01,25.1,92,,S,9,1015.1,32.4,61,,ESE,22,1011.6
2016-02-21,28.0,33.5,0,,,ESE,43,23:36,31.1,58,,E,15,1014.9,30.7,55,,E,26,1011.5
2016-02-20,28.3,32.3,0,,,ENE,35,23:32,31.4,60,,NNE,15,1013.4,31.2,62,,NE,19,1010.3
2016-02-19,28.7,33.7,0.2,,,NNE,31,06:09,30.5,74,,N,13,1010.6,32.2,64,,NNE,20,1008.1
2016-02-18,27.6,33.7,0,,,N,33,03:04,31.9,61,,NNE,13,1007.6,32.9,68,,NNE,26,1005.0
2016-02-17,26.7,36.3,0,,,NNE,31,19:18,31.1,60,,WNW,11,1006.8,33.1,60,,NNE,22,1004.3
2016-02-16,24.9,33.5,0,,,NNE,33,13:58,30.7,59,,NW,9,1008.6,31.4,60,,N,20,1005.6
2016-02-15,26.2,34.3,0,,,N,30,13:36,30.6,55,,WNW,11,1009.4,32.0,45,,N,20,1005.9
2016-02-14,23.9,32.0,0,,,N,31,13:15,30.0,56,,NW,7,1008.2,30.9,58,,N,20,1004.9
2016-02-13,22.6,32.4,0,,,ENE,30,14:55,29.6,49,,S,9,1008.8,30.1,57,,ENE,24,1005.4
2016-02-12,23.0,31.9,0,,,E,33,21:20,29.5,52,,SSE,9,1010.0,30.3,58,,NE,19,1006.1
2016-02-11,23.4,32.7,0,,,ESE,37,12:48,29.3,58,,SE,13,1009.5,30.4,53,,ESE,20,1006.9
2016-02-10,24.6,32.5,0,,,E,44,20:36,29.4,55,,SE,13,1009.5,29.7,60,,E,20,1006.3
2016-02-9,26.5,32.8,0,,,E,50,18:55,29.9,51,,SE,15,1009.9,30.2,58,,E,24,1007.0
2016-02-8,26.7,33.4,0,,,E,46,18:20,30.6,62,,SE,17,1010.1,31.6,69,,E,24,1006.3
2016-02-7,27.4,32.1,0,,,ENE,33,18:24,30.6,73,,E,13,1007.1,31.6,70,,ENE,13,1005.0
2016-02-6,25.9,31.2,7.0,,,ENE,28,14:08,27.6,86,,E,9,1004.1,29.5,77,,E,15,1002.3
2016-02-5,25.0,32.0,7.6,,,N,33,20:53,28.4,88,,N,2,1004.4,31.1,68,,NNE,19,1000.6
2016-02-4,25.1,31.1,1.6,,,NE,30,15:50,26.4,89,, ,Calm,1005.9,29.9,75,,NE,17,1002.8
2016-02-3,28.3,33.7,0,,,N,35,12:57,31.9,63,,NNW,15,1007.2,31.1,68,,NW,13,1004.3
2016-02-2,28.6,33.1,0.8,,,N,33,13:43,30.3,72,,N,22,1009.4,31.3,64,,N,22,1006.4
2016-02-1,28.5,32.9,0,,,N,33,13:31,31.6,65,,N,20,1010.6,30.9,67,,N,17,1007.2
2016-01-31,28.5,33.9,0,,,NNE,35,04:43,31.3,64,,N,20,1010.5,31.5,66,,N,22,1007.6
2016-01-30,28.3,32.8,0,,,N,35,13:07,30.3,69,,NNE,24,1008.8,32.1,63,,N,24,1006.7
2016-01-29,27.8,32.3,0,,,N,39,14:15,31.0,63,,N,19,1008.4,30.3,57,,N,19,1005.8
2016-01-28,27.5,32.1,0,,,NNE,30,00:22,30.4,61,,N,13,1010.4,30.9,59,,N,20,1007.2
2016-01-27,27.8,31.7,0,,,NE,31,18:38,30.3,62,,NE,20,1011.3,30.8,61,,NE,22,1008.1
2016-01-26,27.6,31.8,0,,,NNE,31,18:45,30.1,61,,NNE,22,1010.4,30.5,62,,NNE,19,1008.4
2016-01-25,27.4,32.0,0,,,NNE,35,16:39,29.5,65,,N,19,1010.8,31.2,60,,NNE,20,1008.0
2016-01-24,26.8,31.9,0,,,N,31,18:50,29.3,56,,NNW,13,1009.9,30.3,55,,NNE,24,1006.7
2016-01-23,25.7,31.1,0,,,N,31,19:47,28.6,49,,NNE,13,1012.3,29.5,57,,NNE,20,1008.2
2016-01-22,25.6,30.4,0,,,ENE,31,00:48,28.2,52,,E,13,1014.2,29.5,48,,ENE,17,1010.6
2016-01-21,26.5,31.6,0,,,ENE,35,01:22,29.2,57,,E,19,1014.8,29.1,56,,E,20,1012.1
2016-01-20,25.8,31.2,0,,,ENE,43,19:06,29.3,56,,SE,11,1016.6,29.9,53,,E,26,1012.4
2016-01-19,24.0,32.1,2.8,,,E,43,00:21,29.4,60,,E,20,1015.5,29.6,54,,E,24,1012.8
2016-01-18,24.5,30.1,8.8,,,E,50,18:23,25.9,88,,SSE,7,1013.8,28.9,66,,E,20,1011.9
2016-01-17,25.3,31.9,0.4,,,E,41,18:31,28.3,66,,SE,15,1014.1,29.4,60,,E,22,1011.2
2016-01-16,27.2,31.2,0,,,ENE,33,17:59,29.8,62,,ENE,20,1013.9,30.1,56,,E,20,1011.4
2016-01-15,26.5,31.1,0,,,NE,33,11:07,29.9,59,,NE,20,1013.9,29.7,64,,NE,19,1010.3
2016-01-14,25.3,31.6,0,,,ENE,43,19:43,27.7,60,,E,17,1015.2,29.0,64,,E,19,1012.7
2016-01-13,22.6,31.1,0,,,ENE,37,20:03,29.9,49,,ESE,11,1016.2,29.2,56,,E,19,1013.2
2016-01-12,24.5,31.2,0,,,ENE,35,16:32,30.3,53,,ESE,11,1015.4,29.2,53,,ENE,26,1012.6
2016-01-11,25.9,30.7,0,,,ENE,28,00:12,28.4,56,,E,15,1016.0,29.4,52,,NE,20,1013.0
2016-01-10,23.8,30.4,1.0,,,ENE,33,11:42,28.4,68,,ENE,20,1016.8,28.8,66,,ENE,22,1014.2
2016-01-9,27.5,31.3,,,,ENE,37,20:56,28.8,68,,ENE,26,1016.9,30.0,65,,NE,26,1014.4
2016-01-8,,31.7,0,,,,,,29.9,66,,NE,13,1014.1,30.9,64,,NE,24,1012.4
2016-01-7,24.6,32.4,0,,,NNE,35,17:10,30.5,67,,NE,11,1010.2,31.5,67,,N,28,1007.8
2016-01-6,24.9,36.1,0,,,NNE,30,15:16,32.7,30,,SW,11,1008.4,32.7,46,,NNE,22,1006.1
2016-01-5,25.2,37.7,0,,,SSW,37,11:48,32.1,46,,SW,9,1008.1,37.0,25,,SW,11,1004.1
2016-01-4,23.9,32.9,10.8,,,SW,31,06:35,28.0,57,,SW,17,1006.7,30.8,60,,N,19,1003.6
2016-01-3,25.8,32.0,0,,,NNE,56,01:40,28.8,71,,NNW,13,1006.1,30.2,67,,N,22,1003.0
2016-01-2,25.9,29.8,0,,,NE,43,22:55,28.0,62,,NNE,20,1010.1,28.7,59,,NNE,26,1006.5
2016-01-1,25.8,29.9,0,,,ENE,30,00:07,28.3,55,,ENE,20,1012.1,29.1,53,,NNE,19,1009.0
2015-11-30,25.9,30.2,0,,,NNE,30,00:23,29.2,61,,NNE,20,1012.8,28.3,59,,NNE,20,1010.8
2015-11-29,26.2,30.2,0,,,NNE,30,01:03,29.1,62,,NNE,20,1014.0,29.4,62,,NNE,19,1010.3
2015-11-28,25.5,30.0,1.6,,,NE,28,22:20,29.0,63,,NE,9,1014.0,28.3,62,,NE,19,1010.5
2015-11-27,24.9,29.4,0.2,,,NE,26,11:26,28.7,65,,NE,15,1013.0,28.3,64,,NE,17,1010.0
2015-11-26,25.6,29.6,1.4,,,ENE,30,01:36,28.4,63,,E,19,1013.6,28.4,68,,ENE,24,1010.7
2015-11-25,25.1,29.6,3.6,,,ENE,35,18:04,27.8,58,,ENE,15,1014.1,28.3,62,,E,19,1011.3
2015-11-24,25.5,29.3,0.4,,,ENE,31,17:40,28.0,65,,ENE,17,1013.6,28.1,63,,NE,24,1010.1
2015-11-23,25.8,29.7,0,,,ENE,31,05:53,27.6,70,,ENE,20,1014.0,28.3,70,,NE,20,1010.5
2015-11-22,25.8,30.8,0.2,,,E,37,12:40,28.8,67,,ESE,13,1013.7,28.2,71,,E,20,1011.1
2015-11-21,21.8,30.2,0.2,,,ENE,41,16:25,26.8,61,,SE,17,1014.8,27.3,71,,E,22,1011.2
2015-11-20,20.7,31.0,0.2,,,E,46,16:09,26.9,50,,SE,19,1015.9,27.9,53,,E,30,1012.3
2015-11-19,22.1,30.1,0,,,E,43,21:19,27.5,48,,SE,17,1017.0,27.6,58,,E,26,1013.5
2015-11-18,25.2,30.9,1.6,,,E,48,18:54,29.3,57,,ESE,17,1016.8,27.8,64,,E,26,1013.9
2015-11-17,26.0,29.9,2.0,,,E,43,22:07,28.1,64,,E,28,1013.2,28.2,66,,ENE,28,1011.3
2015-11-16,25.9,29.9,0,,,NNE,39,15:25,28.0,70,,NNE,20,1010.2,28.1,71,,NNE,28,1007.6
2015-11-15,25.4,29.8,0,,,NNE,39,15:40,29.1,61,,N,15,1010.0,28.4,62,,N,24,1006.3
2015-11-14,24.9,29.7,0.2,,,NNE,37,17:13,28.5,62,,N,17,1012.7,28.7,59,,NNE,22,1008.7
2015-11-13,24.9,29.2,0.4,,,NNE,33,16:08,27.5,66,,ENE,20,1015.4,27.0,64,,NE,22,1011.6
2015-11-12,24.9,29.2,1.2,,,E,31,00:22,27.0,66,,E,19,1016.9,27.9,64,,ENE,24,1013.8
2015-11-11,24.5,28.9,0.2,,,E,39,20:45,26.6,63,,E,15,1014.7,27.4,61,,NE,24,1012.5
2015-11-10,24.8,29.0,2.0,,,E,35,03:28,27.6,68,,E,20,1013.3,27.3,63,,ENE,24,1010.5
2015-11-9,25.4,29.7,0,,,E,46,18:20,27.6,68,,NNE,24,1011.9,28.0,67,,NNE,26,1008.0
2015-11-8,24.4,29.8,0,,,NNE,31,13:28,28.0,64,,N,19,1012.7,28.2,64,,N,24,1008.4
2015-11-7,24.2,29.2,0.2,,,NNE,37,14:34,27.7,59,,N,13,1013.6,27.2,62,,NNE,31,1009.0
2015-11-6,25.0,29.0,0.8,,,NNE,33,03:47,27.1,64,,NNE,17,1014.3,27.4,62,,NNE,24,1010.7
2015-11-5,24.4,29.2,5.0,,,NNE,35,14:07,27.8,61,,NNE,19,1014.4,27.8,63,,NNE,24,1010.5
2015-11-4,24.3,28.5,1.8,,,NE,35,22:07,27.1,63,,NNE,20,1015.5,27.1,66,,NNE,22,1012.0
2015-11-3,23.9,28.1,2.4,,,ENE,30,01:41,26.6,63,,E,13,1016.1,27.4,60,,ENE,20,1013.4
2015-11-2,23.8,28.2,0,,,ENE,35,01:30,26.6,58,,ENE,17,1017.4,26.3,58,,ENE,22,1014.2
2015-11-1,24.1,28.1,0,,,ENE,39,01:38,26.6,57,,ENE,20,1017.6,26.4,60,,NE,22,1014.1
2015-10-31,24.0,28.3,1.4,,,ENE,41,16:52,26.8,63,,E,17,1018.7,25.5,72,,ENE,28,1015.5
2015-10-30,24.2,28.1,0.6,,,ENE,35,18:47,26.3,63,,ENE,22,1017.9,26.5,64,,ENE,17,1015.5
2015-10-29,23.6,27.9,0,,,ENE,33,21:24,26.1,61,,ENE,19,1017.7,26.2,62,,NE,19,1014.7
2015-10-28,23.7,27.8,0,,,NE,28,06:36,26.3,64,,NE,17,1019.0,26.9,65,,NE,22,1015.9
2015-10-27,23.8,27.7,0.4,,,NE,30,05:27,26.1,65,,NE,17,1019.3,26.9,64,,ENE,17,1016.2
2015-10-26,23.8,27.7,0,,,ENE,33,00:16,26.5,65,,ENE,19,1020.6,26.6,66,,ENE,19,1017.0
2015-10-25,24.1,28.0,0,,,ENE,41,20:47,26.9,68,,ENE,20,1020.0,26.7,68,,E,22,1017.1
2015-10-24,24.0,27.9,0.4,,,NE,35,18:52,25.8,75,,NE,19,1017.9,26.6,68,,NE,20,1015.7
2015-10-23,22.8,27.8,0.4,,,N,33,10:34,25.7,66,,NNW,13,1016.1,26.6,67,,N,22,1012.5
2015-10-22,22.9,27.2,0.8,,,N,30,13:12,25.7,67,,NNE,17,1017.6,26.8,65,,N,19,1013.8
2015-10-21,19.1,27.2,0.2,,,ESE,33,00:04,24.7,72,,SE,13,1019.0,25.5,67,,ENE,22,1015.4
2015-10-20,20.1,27.2,15.0,,,E,41,01:03,24.7,63,,ESE,17,1020.1,25.4,60,,E,22,1016.7
2015-10-19,19.9,28.0,0.4,,,E,59,10:51,25.5,64,,ESE,15,1020.1,22.2,83,,SSE,6,1017.6
2015-10-18,17.2,28.2,0,,,E,57,20:38,24.3,53,,SE,15,1020.9,26.0,54,,E,24,1017.3
2015-10-17,19.5,27.2,0,,,E,54,22:01,24.9,59,,SE,17,1020.9,25.3,59,,E,24,1017.6
2015-10-16,18.9,27.7,0,,,E,50,19:29,25.7,55,,ESE,17,1020.5,25.3,60,,E,30,1016.4
2015-10-15,19.4,27.8,0.2,,,E,46,20:29,25.9,61,,E,17,1020.5,25.4,55,,E,28,1016.8
2015-10-14,21.8,27.4,0,,,ENE,39,15:22,25.3,61,,ESE,11,1020.4,25.8,55,,ENE,26,1017.2
2015-10-13,18.7,26.6,0,,,ENE,31,16:08,24.9,61,,ESE,9,1020.8,25.2,61,,NE,22,1017.2
2015-10-12,19.5,27.0,0,,,E,43,00:17,25.7,61,,ESE,15,1021.9,25.0,59,,ENE,24,1018.0
2015-10-11,19.5,27.1,8.4,,,E,50,20:25,23.5,69,,SE,22,1021.6,24.8,62,,E,30,1018.0
2015-10-10,19.8,27.7,5.0,,,E,57,18:17,23.3,67,,SE,28,1022.7,24.2,69,,ESE,20,1019.7
2015-10-9,18.9,27.7,1.2,,,ESE,59,16:45,23.0,67,,SE,19,1023.7,24.8,63,,ESE,24,1020.1
2015-10-8,19.5,28.4,0.6,,,E,50,18:59,24.6,60,,ESE,26,1024.0,26.3,61,,ESE,24,1021.1
2015-10-7,21.3,28.5,0.8,,,E,46,17:56,25.4,64,,ESE,19,1022.6,25.5,60,,E,30,1019.7
2015-10-6,21.9,28.7,0.2,,,E,44,07:25,25.2,61,,E,26,1021.7,27.1,57,,ESE,22,1019.2
2015-10-5,18.5,28.5,0,,,E,44,14:34,24.6,61,,ESE,24,1023.2,26.7,55,,ESE,28,1020.0
2015-10-4,18.0,28.1,0.2,,,E,50,15:48,24.6,56,,SE,17,1024.5,25.1,59,,E,31,1020.9
2015-10-3,18.3,27.7,0,,,ESE,57,11:07,24.6,62,,SE,24,1025.9,25.4,56,,ESE,33,1022.6
2015-10-2,22.0,27.8,1.0,,,E,54,19:34,25.2,61,,ESE,19,1025.9,25.2,61,,E,33,1023.3
2015-10-1,18.5,27.5,0,,,ENE,39,18:49,26.0,59,,ESE,13,1024.8,25.4,58,,ENE,24,1021.4
2015-09-30,19.7,26.1,0,,,E,28,07:47,24.9,61,,ESE,13,1022.4,25.1,53,,ENE,17,1019.8
2015-09-29,22.2,26.5,0.4,,,ENE,26,00:17,24.6,53,,ENE,20,1020.8,25.3,49,,ENE,19,1017.9
2015-09-28,21.8,26.4,0,,,ENE,28,00:02,24.8,52,,NE,17,1019.5,25.2,51,,NE,19,1016.3
2015-09-27,16.0,26.7,0,,,ESE,41,00:13,24.4,57,,ESE,13,1019.9,24.4,55,,ENE,24,1016.0
2015-09-26,21.5,26.8,2.4,,,ENE,41,17:23,24.2,49,,E,24,1019.7,24.6,51,,ENE,28,1016.1
2015-09-25,17.2,26.8,1.8,,,E,39,19:05,23.3,60,,SE,15,1019.3,25.1,44,,ENE,26,1015.5
2015-09-24,19.1,26.4,0,,,SE,43,08:44,23.1,43,,SE,24,1019.0,23.9,52,,E,28,1014.7
2015-09-23,17.0,26.5,0,,,S,46,02:29,23.8,62,,S,6,1018.3,24.7,57,,NE,19,1014.2
2015-09-22,17.5,26.0,0.4,,,NE,26,14:13,25.2,62,,ESE,11,1019.0,23.9,63,,NNE,19,1015.0
2015-09-21,21.7,27.5,0,,,ENE,33,15:39,24.8,62,,ESE,17,1017.7,24.7,59,,ENE,26,1014.2
2015-09-20,17.3,26.4,0,,,E,39,00:28,24.2,61,,SE,11,1017.2,24.7,64,,ENE,22,1013.2
2015-09-19,18.7,26.4,0,,,E,37,21:52,24.6,55,,ESE,13,1017.9,24.5,50,,ENE,22,1013.4
2015-09-18,16.0,29.0,0,,,E,39,20:58,25.2,27,,SW,11,1016.1,25.5,53,,ENE,22,1012.4
2015-09-17,16.9,25.9,0,,,NNE,24,14:31,23.9,63,,E,7,1018.8,24.7,62,,NNE,20,1014.5
2015-09-16,21.8,26.3,1.2,,,E,26,02:20,24.9,61,,ESE,13,1019.2,24.4,64,,ENE,17,1015.4
2015-09-15,19.8,26.0,11.2,,,ESE,39,00:55,24.2,66,,ESE,15,1020.2,24.5,58,,E,24,1016.1
2015-09-14,21.1,27.9,0,,,ESE,48,00:08,24.4,62,,ESE,22,1021.4,24.3,64,,E,26,1017.6
2015-09-13,17.0,27.2,0,,,E,54,18:34,23.4,59,,SE,17,1022.5,24.7,62,,E,31,1018.8
2015-09-12,15.5,27.0,0,,,E,46,19:13,23.2,58,,SE,17,1022.9,25.3,55,,ESE,28,1019.4
2015-09-11,16.1,26.8,0,,,ESE,46,13:52,23.1,54,,SE,17,1023.1,25.4,54,,ESE,30,1020.5
2015-09-10,16.6,27.0,0,,,E,50,19:39,23.4,54,,SE,15,1023.0,24.0,52,,E,33,1020.1
2015-09-9,17.0,26.8,0,,,E,41,19:18,24.9,59,,ESE,9,1020.7,24.6,58,,ENE,26,1017.3
2015-09-8,17.3,26.7,3.2,,,ENE,35,02:45,24.8,61,,ESE,13,1020.2,24.5,60,,ENE,22,1016.4
2015-09-7,22.0,27.7,0,,,E,35,02:47,23.6,59,,ENE,19,1020.5,26.0,52,,E,22,1017.1
2015-09-6,21.5,26.8,0,,,ENE,37,20:47,23.3,52,,E,20,1020.5,24.4,49,,ENE,22,1016.7
2015-09-5,15.5,26.1,0,,,ENE,35,20:21,23.8,62,,ESE,13,1019.5,24.3,59,,ENE,24,1016.3
2015-09-4,13.9,28.0,0.2,,,NE,35,15:26,23.3,24,,SSW,13,1019.3,25.4,31,,NE,30,1015.4
2015-09-3,22.7,28.4,0,,,N,33,13:14,25.5,66,,WNW,13,1018.6,26.3,66,,NNW,17,1014.4
2015-09-2,21.4,26.8,5.6,,,NNE,33,22:39,25.8,67,,N,19,1019.1,26.2,68,,N,17,1015.0
2015-09-1,22.6,26.4,0,,,NE,30,15:26,23.8,77,,E,17,1017.6,23.8,78,,NE,17,1013.9
2015-08-31,19.4,26.5,0,,,ENE,30,13:53,23.7,75,,ESE,11,1017.1,25.1,70,,NE,24,1013.4
2015-08-30,19.3,26.0,0,,,NE,26,14:25,23.4,75,,ESE,13,1018.1,24.8,70,,NNE,22,1013.7
2015-08-29,19.3,26.3,0,,,E,28,00:04,25.4,65,,ESE,13,1020.2,24.8,67,,E,17,1016.5
2015-08-28,19.1,26.2,0.4,,,ENE,30,13:57,23.3,70,,SE,13,1020.3,24.8,65,,ENE,24,1016.4
2015-08-27,21.8,26.8,0,,,ENE,31,22:30,24.4,66,,ESE,9,1020.5,25.6,62,,ESE,13,1017.5
2015-08-26,21.9,26.5,0.6,,,E,28,12:52,24.5,63,,ESE,9,1020.5,24.9,61,,ENE,20,1017.4
2015-08-25,22.3,26.2,2.8,,,NE,28,00:05,24.6,65,,ENE,13,1020.4,24.9,62,,ENE,20,1017.9
2015-08-24,22.8,26.4,0,,,ENE,31,15:19,24.7,76,,ENE,17,1020.7,24.7,71,,ENE,24,1017.3
2015-08-23,21.5,27.2,0,,,E,31,01:35,23.3,71,,ESE,20,1021.0,24.3,72,,E,19,1017.8
2015-08-22,17.0,26.9,0,,,E,35,19:41,23.2,68,,SE,17,1020.8,24.8,68,,E,19,1017.9
2015-08-21,14.1,26.2,0,,,SE,30,00:27,21.2,66,,S,7,1021.0,23.6,67,,ENE,20,1017.9
2015-08-20,14.8,25.3,0,,,E,39,15:32,21.6,63,,SE,13,1022.0,23.8,60,,E,26,1019.0
2015-08-19,13.9,24.8,0,,,E,33,19:27,21.7,69,,SE,11,1021.3,22.9,61,,E,19,1018.8
2015-08-18,14.3,24.5,0,,,ENE,24,01:26,22.2,66,,ESE,13,1019.3,22.9,67,,NE,19,1016.6
2015-08-17,14.2,24.5,0,,,ENE,31,14:34,21.7,61,,SSE,7,1019.5,22.7,60,,ENE,26,1015.3
2015-08-16,13.1,25.6,0,,,SE,37,00:39,20.9,58,,SSE,9,1022.4,22.8,50,,E,22,1018.7
2015-08-15,12.9,25.2,0,,,E,46,20:27,20.6,50,,SSE,9,1023.9,24.4,50,,ESE,20,1020.5
2015-08-14,11.9,24.4,0.2,,,E,35,14:17,20.9,49,,SSE,7,1023.2,22.3,51,,E,24,1020.8
2015-08-13,11.6,25.7,0,,,SSW,33,10:51,19.8,23,,SSW,11,1021.4,23.6,24,,NE,20,1017.4
2015-08-12,17.9,25.8,0.2,,,N,31,14:44,23.3,71,,N,9,1018.1,24.1,64,,N,19,1014.8
2015-08-11,17.6,25.1,0.2,,,NNE,22,16:09,23.3,62,,NE,4,1020.7,24.5,59,,NNE,17,1017.1
2015-08-10,14.3,24.6,0,,,ENE,24,00:01,22.5,62,,E,6,1020.3,23.3,64,,ENE,19,1017.3
2015-08-9,12.1,23.5,0,,,ENE,28,21:46,21.1,65,,ESE,9,1020.7,22.3,54,,ENE,13,1017.8
2015-08-8,10.5,23.0,0,,,ENE,26,17:05,18.0,48,,SSW,11,1021.4,21.6,48,,E,17,1018.1
2015-08-7,6.9,23.0,0,,,SE,31,10:16,17.3,50,,S,11,1021.6,20.8,41,,ENE,22,1017.9
2015-08-6,7.5,24.5,0,,,SSW,28,09:37,18.0,29,,SSW,13,1019.8,21.8,36,,ENE,20,1016.9
2015-08-5,15.4,24.7,0,,,SSW,48,21:13,19.8,52,,SSW,15,1018.5,23.2,42,,ENE,17,1015.1
2015-08-4,15.2,24.6,0,,,NE,30,16:39,21.1,79,,SSW,9,1017.9,23.9,66,,NE,20,1014.2
2015-08-3,15.3,24.4,0,,,E,22,00:30,22.0,78,,ESE,9,1020.1,23.6,66,,NE,13,1016.8
2015-08-2,15.6,26.0,0,,,E,30,00:02,22.1,65,,SSE,11,1021.7,23.8,61,,E,17,1019.0
2015-08-1,15.1,25.4,0,,,E,43,00:01,21.4,64,,S,9,1022.0,24.6,53,,ESE,15,1018.5
2015-07-31,14.5,25.4,0,,,E,44,19:44,21.6,61,,SSE,11,1022.4,23.6,58,,E,22,1018.3
2015-07-30,13.6,25.5,0,,,E,46,18:21,20.1,64,,S,11,1023.6,24.2,56,,ESE,19,1020.0
2015-07-29,16.2,25.0,0,,,ESE,48,14:23,18.5,60,,S,9,1024.9,23.6,60,,ESE,31,1021.2
2015-07-28,20.1,26.1,0.2,,,SE,44,23:12,22.9,61,,SSE,15,1023.3,23.7,57,,E,28,1021.1
2015-07-27,17.4,24.9,0.2,,,ENE,28,13:57,21.5,90,,S,7,1022.7,24.2,68,,ENE,20,1018.9
2015-07-26,20.6,26.2,0,,,SE,26,11:13,24.1,72,,ESE,11,1021.8,24.0,72,,E,15,1018.0
2015-07-25,21.0,25.5,0,,,SE,26,09:18,22.8,84,,SE,13,1020.6,24.0,75,,E,13,1018.3
2015-07-24,20.9,25.7,0,,,E,26,00:28,22.4,80,,SE,15,1021.2,24.0,72,,E,17,1018.0
2015-07-23,20.4,25.6,0,,,E,30,14:01,23.0,74,,SE,11,1021.7,23.7,75,,E,19,1018.3
2015-07-22,18.4,25.8,0,,,ESE,43,00:15,22.5,67,,SE,13,1022.6,24.4,65,,ESE,19,1019.4
2015-07-21,16.4,25.1,0,,,SE,50,21:29,20.7,68,,SE,11,1021.8,23.7,65,,ESE,19,1019.3
2015-07-20,13.4,24.2,0,,,SE,43,21:21,20.3,64,,SE,11,1022.2,22.5,57,,ESE,17,1019.3
2015-07-19,9.6,22.5,0,,,SE,37,22:12,16.2,53,,S,11,1023.0,22.1,50,,ESE,13,1020.1
2015-07-18,7.4,21.6,0,,,ENE,31,17:17,15.9,30,,SSW,11,1022.9,19.8,30,,E,15,1020.0
2015-07-17,9.5,24.0,0,,,SSW,35,10:03,15.0,30,,SSW,13,1021.6,23.4,11,,SSW,13,1018.0
2015-07-16,9.4,23.2,0,,,NNE,24,15:39,17.1,61,,SSW,11,1019.1,22.8,31,,NNE,17,1015.5
2015-07-15,8.1,22.0,0,,,NNE,26,16:11,16.7,51,,S,7,1019.9,21.2,45,,NE,19,1016.6
2015-07-14,5.8,22.0,0,,,ENE,28,15:04,15.7,30,,SSW,13,1021.2,20.2,28,,ENE,19,1017.3
2015-07-13,8.9,22.8,0,,,SSW,43,10:54,15.1,28,,SSW,15,1022.6,21.9,15,,S,11,1017.6
2015-07-12,15.1,25.7,0,,,WSW,48,02:13,19.5,47,,SSW,17,1019.2,24.8,18,,SW,13,1015.1
2015-07-11,17.2,24.3,0,,,SE,22,01:50,21.3,76,,E,6,1018.9,23.2,75,,NE,19,1015.6
2015-07-10,17.9,25.4,0,,,SE,35,00:05,20.2,75,,SSW,7,1020.5,22.3,73,,E,20,1017.2
2015-07-9,14.1,24.9,0.2,,,SE,46,00:52,19.6,67,,SSW,9,1020.5,22.8,63,,E,20,1018.1
2015-07-8,13.8,25.8,0.2,,,E,41,19:39,19.9,68,,S,9,1019.1,23.5,55,,E,20,1016.8
2015-07-7,14.3,24.8,0,,,E,30,21:43,19.8,70,,SSW,11,1018.5,23.5,53,,ENE,17,1015.0
2015-07-6,14.7,24.8,0,,,ESE,30,00:16,20.7,73,,SSE,6,1018.6,23.1,65,,ENE,17,1015.7
2015-07-5,14.0,24.8,0,,,E,35,18:35,20.8,70,,SE,9,1019.5,23.9,58,,ESE,15,1017.0
2015-07-4,11.5,24.4,0,,,SE,37,01:35,17.8,60,,SSW,11,1020.0,23.7,58,,ESE,13,1016.9
2015-07-3,14.5,23.3,0,,,E,39,20:20,20.4,70,,S,9,1019.6,22.1,53,,E,19,1016.6
2015-07-2,15.0,24.5,0,,,ESE,26,10:38,20.7,67,,SSW,9,1021.7,22.8,67,,ENE,20,1017.7
2015-07-1,16.6,26.2,0.8,,,E,31,15:44,20.9,70,,S,9,1022.3,24.4,62,,E,20,1018.8
2015-06-30,20.6,25.0,0,,,SE,43,01:03,23.7,68,,ESE,19,1021.9,23.5,66,,SE,22,1019.4
2015-06-29,19.0,24.4,3.2,,,SE,48,11:07,20.6,81,,SSE,11,1022.4,23.9,67,,ESE,24,1019.2
2015-06-28,18.9,25.8,0,,,SE,50,12:52,22.1,63,,SSE,11,1022.3,24.7,61,,ESE,17,1020.2
2015-06-27,12.4,25.6,0,,,SE,41,19:55,18.9,58,,S,13,1023.6,23.8,61,,ESE,19,1020.4
2015-06-26,12.3,24.4,0,,,SE,43,22:42,18.2,54,,SSW,15,1021.9,22.3,61,,E,19,1019.5
2015-06-25,15.3,25.6,0,,,ESE,28,01:38,21.2,72,,SSW,11,1020.9,23.3,65,,ENE,19,1017.0
2015-06-24,16.5,25.1,0,,,SE,39,03:19,21.6,70,,SE,20,1021.0,23.3,62,,E,19,1018.0
2015-06-23,16.0,24.7,8.0,,,SE,43,19:54,21.5,69,,ESE,22,1022.1,24.3,60,,ESE,17,1018.8
2015-06-22,13.2,24.7,1.0,,,ESE,48,15:35,17.6,91,,SSW,9,1021.2,23.3,64,,ESE,30,1018.5
2015-06-21,14.6,23.9,0,,,SE,41,03:50,19.0,53,,S,13,1019.8,22.2,49,,E,20,1016.8
2015-06-20,18.5,26.0,0,,,E,43,19:57,21.0,76,,SSW,9,1016.9,22.7,66,,E,26,1014.7
2015-06-19,19.6,26.9,0.2,,,E,26,21:58,22.6,78,,S,9,1016.3,25.2,68,,NE,19,1013.2
2015-06-18,19.0,26.5,0,,,E,24,15:13,24.0,75,,SE,9,1016.1,25.0,69,,E,17,1012.9
2015-06-17,20.0,26.8,0,,,ENE,20,14:22,25.1,74,,ESE,9,1016.3,24.8,72,,ENE,15,1013.1
2015-06-16,18.4,26.7,0.2,,,SE,30,00:37,23.9,72,,ESE,15,1017.6,25.2,66,,ESE,17,1013.8
2015-06-15,20.5,26.2,0,,,SE,35,11:37,23.3,78,,SE,20,1018.4,25.2,67,,ESE,19,1016.0
2015-06-14,17.3,26.8,0.2,,,SE,35,19:46,21.8,75,,S,9,1018.2,23.8,72,,SE,19,1016.0
2015-06-13,18.4,25.4,6.2,,,SE,37,11:53,20.6,84,,SSE,9,1019.0,24.6,64,,SE,20,1016.5
2015-06-12,19.8,24.7,0.4,,,SE,48,13:27,21.7,80,,SE,17,1019.6,22.4,79,,ESE,28,1017.4
2015-06-11,18.8,26.5,0,,,SE,48,11:18,23.1,66,,SSE,13,1019.9,25.8,61,,ESE,22,1017.4
2015-06-10,17.1,27.0,0.2,,,SE,52,21:56,20.8,75,,S,9,1019.3,25.2,63,,ESE,24,1016.5
2015-06-9,19.3,25.3,4.0,,,SE,46,12:43,20.9,89,,SSE,13,1019.5,24.8,60,,SE,19,1017.2
2015-06-8,17.8,24.7,2.6,,,ENE,52,18:20,20.3,88,,S,11,1020.0,24.2,72,,ESE,20,1017.6
2015-06-7,13.5,25.7,0,,,ESE,50,19:44,19.2,48,,S,11,1021.9,23.4,58,,SE,24,1019.2
2015-06-6,13.3,25.5,0,,,E,39,15:31,20.0,62,,S,7,1021.4,22.8,54,,E,26,1019.1
2015-06-5,13.8,26.2,0,,,ESE,24,00:24,20.8,65,,S,9,1020.4,24.7,44,,ENE,17,1017.5
2015-06-4,16.4,25.9,0,,,E,30,20:50,21.5,67,,S,6,1019.8,24.3,56,,ENE,22,1015.9
2015-06-3,16.8,24.9,0,,,E,33,20:47,23.3,63,,ESE,15,1019.1,24.0,64,,E,17,1016.5
2015-06-2,20.1,27.1,0,,,E,37,16:35,25.2,72,,ESE,11,1018.9,24.6,66,,E,24,1016.0
2015-06-1,20.1,26.2,0,,,ENE,19,00:09,23.3,85,,S,6,1016.7,24.6,80,,E,9,1014.2
2015-05-31,18.4,27.1,0.2,,,E,28,00:02,24.0,71,,SE,6,1018.8,24.8,73,,ENE,15,1015.1
2015-05-30,21.3,27.7,0,,,E,37,21:09,23.9,81,,SE,19,1020.5,26.0,66,,E,19,1016.5
2015-05-29,18.7,27.8,0,,,SE,39,00:29,24.8,65,,ESE,15,1020.7,26.6,62,,ESE,19,1017.9
2015-05-28,16.8,27.4,0.2,,,ESE,37,11:12,23.9,68,,ESE,19,1020.4,26.5,62,,ESE,17,1017.8
2015-05-27,19.1,27.4,0,,,E,44,16:37,22.5,72,,SSE,9,1020.5,25.1,65,,E,24,1017.3
2015-05-26,18.4,27.3,0,,,SE,41,11:45,23.4,65,,SSE,11,1023.0,25.3,62,,ESE,20,1019.3
2015-05-25,18.1,27.5,0,,,SE,44,00:41,24.0,62,,SE,19,1023.7,25.5,55,,ESE,24,1021.0
2015-05-24,14.2,26.4,0,,,SE,48,17:54,18.1,85,,SW,9,1021.4,23.9,69,,ESE,20,1019.2
2015-05-23,12.6,23.8,0,,,E,39,19:28,18.1,40,,S,17,1021.0,22.9,41,,E,15,1018.0
2015-05-22,19.5,29.6,0,,,SSW,37,09:14,23.5,47,,SSW,17,1018.7,29.4,28,,SSW,11,1015.2
2015-05-21,23.0,27.3,0,,,ENE,33,00:40,25.3,71,,ENE,13,1018.8,26.6,70,,ENE,15,1014.9
2015-05-20,18.6,27.9,0,,,E,30,21:06,24.3,72,,SSE,9,1018.2,25.6,69,,E,19,1015.1
2015-05-19,19.0,27.3,0.2,,,SE,31,00:35,24.2,67,,SE,11,1018.5,25.4,68,,E,17,1015.2
2015-05-18,19.7,27.5,0.6,,,ESE,37,18:28,22.9,72,,S,13,1020.1,27.0,62,,ESE,17,1016.8
2015-05-17,19.2,26.6,2.2,,,ESE,46,15:24,21.3,77,,S,15,1021.1,25.0,69,,ESE,26,1018.1
2015-05-16,15.6,26.2,4.4,,,ESE,50,13:19,22.1,64,,SSE,15,1020.6,24.9,63,,SE,26,1017.8
2015-05-15,11.3,26.1,0,,,SE,44,18:25,18.4,25,,SSW,13,1022.7,23.8,39,,SE,15,1018.8
2015-05-14,15.4,26.1,0,,,SE,39,19:43,21.4,36,,S,15,1020.9,24.9,34,,ESE,17,1018.0
2015-05-13,16.3,27.3,,,,NNE,24,15:23,23.7,53,,SSW,7,1017.5,26.6,49,,NNE,13,1013.7
2015-05-12,16.5,27.2,0,,,,,,23.8,57,,SSW,9,1017.9,26.0,49,,NE,22,1014.4
2015-05-11,16.7,27.7,0,,,ENE,30,14:22,23.7,59,,SSW,11,1018.5,26.7,42,,ENE,26,1014.4
2015-05-10,16.6,27.8,0,,,ENE,28,14:22,23.7,65,,S,11,1017.7,26.7,54,,ENE,24,1013.4
2015-05-9,12.3,27.1,0,,,E,31,23:02,21.9,41,,SSW,11,1017.6,25.9,45,,ENE,15,1014.2
2015-05-8,18.1,29.1,0,,,E,31,18:02,22.5,54,,S,11,1016.6,26.2,39,,E,15,1012.0
2015-05-7,19.4,29.0,0,,,ENE,28,18:01,26.0,63,,S,9,1016.1,27.8,58,,ENE,17,1012.7
2015-05-6,19.4,28.8,0,,,E,24,19:30,26.0,63,,SSW,6,1014.7,27.7,51,,NE,17,1011.9
2015-05-5,17.7,28.0,0,,,NE,28,17:56,25.1,62,,SSW,6,1013.9,27.5,51,,NE,19,1010.2
2015-05-4,19.3,28.0,0,,,NE,24,13:56,26.0,65,,ESE,9,1014.1,27.0,53,,NE,19,1011.0
2015-05-3,19.1,28.1,0,,,NE,24,14:20,25.8,67,,S,9,1014.9,26.6,59,,NE,17,1010.6
2015-05-2,22.2,27.6,0,,,NNE,24,11:12,26.4,70,,ESE,7,1014.4,26.5,65,,ENE,19,1011.1
2015-05-1,19.5,26.6,0,,,E,28,00:05,22.6,60,,SSE,9,1016.1,25.4,67,,NNE,22,1011.3
