100.0,100.0,true
2016-05-15,2.2,21.5,0,,,SW,22,13:45,13.7,84,,SW,4,1022.6,21.0,41,,WSW,11,1019.4
2016-05-14,2.5,23.0,0,,,NE,15,15:42,15.6,64,, ,Calm,1024.9,21.9,37,,ENE,7,1021.8
2016-05-13,0.5,20.8,0,,,SW,19,13:17,14.2,55,,NE,4,1023.6,19.9,28,,SSW,6,1021.8
2016-05-12,6.5,17.6,0,,,WSW,31,03:52,11.0,59,,SSW,15,1019.4,17.3,37,,WSW,13,1019.2
2016-05-11,9.7,19.6,0,,,WSW,30,02:24,12.2,69,,SW,6,1018.4,19.5,19,,SW,11,1017.3
2016-05-10,15.3,18.3,2.8,,,WSW,39,13:54,16.1,91,,WSW,13,1014.6,16.7,55,,WSW,19,1012.8
2016-05-9,10.9,24.5,0.2,,,NNE,28,11:42,16.9,80,,N,17,1017.2,22.6,54,,NW,6,1014.0
2016-05-8,8.0,23.0,0,,,N,22,13:01,15.1,84,,ENE,4,1022.3,22.3,49,,NE,9,1016.8
2016-05-7,6.9,21.9,0,,,E,19,13:52,16.5,74,,E,6,1022.3,20.8,51,,ESE,7,1019.6
2016-05-6,5.8,23.6,0,,,SSW,13,12:21,16.0,85,, ,Calm,1021.4,22.7,32,,WNW,2,1018.6
2016-05-5,4.9,23.0,0.2,,,N,15,12:59,16.2,74,,NE,2,1022.2,22.3,41,,ENE,6,1018.9
2016-05-4,8.8,22.6,0,,,SW,30,04:56,15.5,58,,SSW,7,1018.3,22.1,23,,SW,7,1016.1
2016-05-3,12.0,20.2,21.0,,,W,31,14:48,15.2,86,,WSW,7,1016.6,18.9,63,,W,15,1013.3
2016-05-2,9.8,24.7,0,,,WSW,30,16:58,19.7,54,,E,4,1019.8,21.7,43,,ENE,6,1015.4
2016-05-1,11.3,24.8,0.2,,,SW,33,15:53,18.9,85,,NNW,9,1020.1,23.9,51,,WSW,9,1017.6
2016-04-30,12.1,25.3,0,,,NNE,20,09:44,18.0,85,,NNE,9,1022.5,24.8,44,,NNE,9,1018.4
2016-04-29,11.6,23.6,0,,,ENE,22,15:17,17.4,73,,ENE,9,1024.6,21.0,62,,ENE,9,1020.4
2016-04-28,12.6,21.5,0.8,,,ENE,26,08:16,15.8,86,,ENE,13,1024.5,20.5,54,,E,9,1022.3
2016-04-27,12.7,20.7,1.6,,,ENE,35,10:37,15.9,74,,E,15,1024.9,19.4,55,,E,9,1022.1
2016-04-26,12.8,17.3,0.2,,,ESE,46,11:05,14.6,84,,ESE,17,1025.3,16.1,82,,ESE,9,1023.7
2016-04-25,11.9,19.9,0.6,,,ESE,43,09:40,14.5,79,,ESE,20,1024.9,16.6,65,,ESE,15,1024.2
2016-04-24,9.1,19.5,0,,,ESE,41,08:55,16.1,66,,ESE,20,1022.1,13.2,83,,SE,11,1022.5
2016-04-23,10.9,23.3,0,,,ESE,22,13:12,18.0,58,,ESE,7,1019.0,21.7,54,,NE,6,1016.6
2016-04-22,12.9,25.1,0,,,SW,20,12:37,16.3,93,, ,Calm,1021.0,24.5,38,,WSW,6,1016.8
2016-04-21,12.1,23.9,0,,,E,17,08:45,17.7,74,,E,7,1023.0,22.9,52,,ESE,7,1019.3
2016-04-20,8.9,23.8,0,,,SE,22,14:46,17.5,70,,E,6,1023.1,21.2,51,,ESE,9,1020.2
2016-04-19,10.0,22.0,7.6,,,SSW,15,11:14,16.3,80,, ,Calm,1020.7,19.7,60,,NNE,6,1018.4
2016-04-18,7.5,22.5,0,,,E,24,14:52,16.6,75,,ENE,4,1019.1,19.4,59,,E,13,1016.2
2016-04-17,9.8,21.8,0.2,,,SSW,24,12:57,16.3,80,,NE,4,1019.7,21.7,53,,E,7,1016.2
2016-04-16,7.3,22.1,0,,,NNE,17,10:44,16.0,64,,ENE,7,1021.1,21.6,40,,ENE,6,1017.3
2016-04-15,6.8,20.5,0,,,E,28,09:13,16.1,68,,E,9,1025.4,18.6,61,,E,7,1021.9
2016-04-14,13.9,20.7,0.2,,,ESE,41,10:36,16.4,83,,ESE,13,1026.4,20.2,57,,E,15,1024.3
2016-04-13,13.3,22.0,0,,,E,33,22:35,16.8,77,,ESE,11,1023.8,20.4,57,,ESE,11,1022.2
2016-04-12,13.7,20.1,0,,,ENE,24,11:41,17.5,85,,E,7,1020.1,18.2,77,,ENE,7,1018.3
2016-04-11,14.5,23.2,0,,,SSW,28,13:44,17.5,74,,S,4,1019.0,21.1,64,,WSW,9,1017.2
2016-04-10,15.6,25.7,15.4,,,SW,20,00:00,18.6,90,, ,Calm,1021.4,24.4,49,,W,7,1018.1
2016-04-9,15.4,25.4,0,,,ENE,22,13:36,20.8,73,,NE,7,1022.5,20.2,87,,E,7,1020.1
2016-04-8,15.5,26.7,0,,,ENE,19,08:44,20.1,78,,ENE,7,1022.8,24.9,49,,WSW,6,1019.3
2016-04-7,8.9,29.1,0,,,E,24,18:55,19.9,61,,SSW,9,1021.8,28.6,35,,ENE,7,1018.4
2016-04-6,11.9,25.9,0,,,NNE,17,11:16,17.0,79,,ENE,7,1021.9,25.3,37,,E,6,1018.3
2016-04-5,13.6,23.5,0,,,ESE,26,09:07,18.8,61,,E,13,1020.9,21.8,50,,ESE,9,1018.0
2016-04-4,15.1,24.2,0,,,ENE,31,07:55,17.9,79,,ESE,15,1021.8,22.1,53,,E,11,1018.2
2016-04-3,11.1,26.1,0,,,E,28,21:37,22.2,68,,E,7,1021.7,24.5,47,,E,11,1019.4
2016-04-2,9.6,26.5,0,,,WSW,19,14:52,20.1,77,,NNW,4,1020.9,26.3,38,,WSW,9,1017.7
2016-04-1,9.5,25.0,0.2,,,NE,19,08:04,18.5,72,,ENE,7,1019.3,24.3,42,,NNW,2,1017.3
2016-03-31,13.6,23.4,16.8,,,SW,24,11:21,16.5,85,,SW,4,1017.1,21.7,45,,SSW,9,1014.3
2016-03-30,16.7,20.8,0.8,,,WNW,28,10:02,18.9,88,,WNW,6,1017.1,17.0,91,,WSW,9,1014.7
2016-03-29,14.9,27.4,2.6,,,WSW,17,13:26,20.1,76,,N,6,1019.4,27.0,39,,W,6,1015.7
2016-03-28,13.9,25.6,13.8,,,NNE,19,13:37,20.0,76,,NE,6,1018.9,19.6,80,,SSW,4,1016.2
2016-03-27,15.3,23.9,0,,,SW,22,13:13,19.2,80,, ,Calm,1017.0,15.6,88,,NNE,6,1014.8
2016-03-26,14.4,25.4,0,,,W,22,13:43,21.2,65,,W,6,1017.4,23.9,56,,NW,7,1013.5
2016-03-25,12.7,26.8,0,,,SW,22,14:57,19.4,70,,NE,4,1019.6,25.0,39,,WSW,11,1015.2
2016-03-24,12.5,26.3,0.2,,,E,19,16:42,18.2,79,,NNE,6,1021.0,25.6,33,,WSW,6,1017.0
2016-03-23,11.9,24.3,3.8,,,WSW,24,12:47,18.7,74,,NE,4,1016.9,23.3,36,,SSW,9,1014.1
2016-03-22,12.2,23.4,8.8,,,E,24,16:58,17.1,69,,E,11,1013.6,22.9,50,,ENE,6,1010.2
2016-03-21,15.3,22.3,0,,,SSE,41,14:48,16.9,87,,ESE,7,1013.2,15.9,88,,SE,7,1009.5
2016-03-20,14.3,22.5,0,,,E,28,14:56,17.7,83,,E,7,1012.9,19.6,75,,E,13,1010.2
2016-03-19,15.9,26.3,5.4,,,WSW,24,14:30,19.7,92,,WSW,7,1008.9,26.0,54,,W,11,1007.2
2016-03-18,12.6,29.5,0,,,W,50,18:33,21.2,74,,N,6,1009.3,27.5,41,,WNW,7,1003.7
2016-03-17,16.2,25.5,0,,,ESE,24,14:56,18.8,80,,ESE,11,1014.3,24.2,56,,ESE,11,1009.8
2016-03-16,16.5,26.2,0,,,E,33,08:39,19.3,82,,ESE,17,1015.1,24.1,61,,E,9,1012.5
2016-03-15,16.9,25.7,0,,,ESE,35,08:09,21.8,63,,ESE,9,1015.1,25.1,45,,E,9,1013.1
2016-03-14,17.4,27.3,0.2,,,ESE,24,15:22,19.9,81,,ESE,9,1017.0,26.3,54,,ESE,9,1012.7
2016-03-13,15.6,26.2,0,,,ESE,31,14:13,20.1,76,,ESE,13,1019.1,25.0,63,,E,11,1016.1
2016-03-12,16.4,26.8,0,,,E,28,13:37,21.3,67,,E,11,1019.9,25.4,52,,E,9,1017.3
2016-03-11,15.9,26.9,0,,,E,22,16:08,21.3,73,,ENE,9,1020.4,24.9,55,,E,9,1017.3
2016-03-10,11.8,27.4,0,,,ENE,26,17:29,20.0,75,,ENE,7,1021.7,26.9,45,,ENE,9,1018.3
2016-03-9,17.5,26.0,1.2,,,NE,28,12:43,19.2,93,,E,9,1022.2,24.1,58,,ENE,9,1019.1
2016-03-8,13.7,24.4,0,,,ESE,31,14:32,19.5,82,,ESE,13,1020.9,20.5,85,,ESE,15,1019.3
2016-03-7,16.5,24.1,0.2,,,ESE,30,16:49,19.6,79,,ENE,11,1021.3,23.1,59,,E,7,1019.0
2016-03-6,14.6,25.2,0,,,ENE,31,14:56,20.4,67,,ENE,13,1021.3,24.3,49,,E,13,1018.7
2016-03-5,14.3,24.8,0,,,E,26,22:01,18.6,72,,E,9,1021.1,24.5,47,,ESE,9,1018.3
2016-03-4,15.6,26.2,0,,,ENE,26,14:12,21.4,66,,ENE,9,1021.0,24.0,53,,E,9,1017.5
2016-03-3,17.0,27.4,0,,,E,26,16:24,21.0,73,,ENE,9,1021.3,26.5,47,,E,7,1018.5
2016-03-2,16.1,27.0,0.8,,,E,26,17:39,21.2,75,,E,9,1020.9,26.5,53,,ENE,9,1017.9
2016-03-1,16.6,21.4,0,,,ESE,31,08:28,18.1,89,,E,13,1018.9,20.9,79,,ESE,9,1018.1
2016-02-29,16.1,25.8,0,,,ESE,35,17:46,20.7,65,,ESE,13,1017.2,24.7,54,,E,13,1014.8
2016-02-28,15.2,26.8,0,,,E,31,09:18,22.3,69,,E,11,1015.2,26.1,58,,E,9,1012.4
2016-02-27,19.5,27.3,0,,,E,31,11:15,22.6,67,,ESE,11,1014.3,26.4,55,,ESE,13,1011.9
2016-02-26,13.4,33.7,0,,,SSE,31,11:05,25.1,57,,SW,6,1013.0,32.9,27,,ESE,9,1009.4
2016-02-25,13.0,31.2,,,,S,15,10:04,21.8,73,,ESE,2,1015.9,30.5,37,,N,4,1012.2
2016-02-24,13.9,26.6,0,,,,,,20.0,66,,ESE,9,1017.0,25.7,44,,NE,4,1014.2
2016-02-23,14.8,25.0,0,,,ESE,30,02:29,19.9,68,,E,13,1019.6,24.0,50,,E,7,1016.4
2016-02-22,16.0,25.4,0,,,ESE,37,08:34,20.9,69,,E,13,1022.7,23.5,58,,ESE,13,1019.7
2016-02-21,17.0,25.7,9.4,,,E,35,10:18,21.5,71,,E,13,1021.0,25.4,57,,E,13,1019.3
2016-02-20,16.0,27.9,33.2,,,S,31,14:10,21.8,77,,NNE,9,1016.9,18.3,89,,W,4,1015.1
2016-02-19,14.1,30.2,0,,,W,30,16:38,23.6,72,,NE,13,1012.7,28.3,47,,NE,7,1009.2
2016-02-18,14.8,29.5,0,,,W,37,13:27,22.6,62,,NNW,7,1008.1,29.2,16,,W,13,1005.8
2016-02-17,15.7,29.6,0,,,WSW,30,11:24,22.2,63,,NNE,4,1008.1,29.1,15,,W,13,1005.4
2016-02-16,15.7,32.5,0,,,WSW,28,13:45,26.1,38,,WSW,7,1009.5,32.1,22,,WSW,11,1005.8
2016-02-15,12.6,31.1,0.2,,,ESE,24,14:37,26.0,36,,ESE,7,1010.6,30.3,29,,E,13,1008.3
2016-02-14,12.2,29.8,0,,,ESE,26,13:45,22.7,41,,SE,4,1009.2,29.5,25,,SE,7,1007.0
2016-02-13,14.9,25.1,0,,,E,30,10:20,20.4,63,,ESE,11,1012.0,24.6,47,,E,11,1009.5
2016-02-12,14.9,24.9,0,,,E,33,10:32,19.6,69,,ESE,11,1013.5,23.5,47,,ESE,9,1011.6
2016-02-11,14.7,25.6,0,,,E,28,12:17,19.9,67,,E,9,1013.1,24.4,46,,ESE,9,1011.0
2016-02-10,15.1,24.4,0,,,E,30,00:44,18.9,66,,SE,11,1014.1,23.2,51,,ESE,9,1011.7
2016-02-9,15.2,24.1,0,,,ESE,43,09:52,19.8,66,,ESE,17,1015.5,23.8,50,,SE,15,1013.7
2016-02-8,13.3,25.0,0,,,ESE,26,15:40,20.8,56,,ESE,6,1015.2,24.1,47,,SE,7,1013.1
2016-02-7,15.0,24.3,5.8,,,ESE,30,05:59,17.3,73,,ESE,9,1013.8,23.2,60,,E,9,1012.1
2016-02-6,16.5,20.3,0,,,ESE,46,08:19,18.3,82,,ESE,15,1011.3,18.3,89,,ESE,13,1010.2
2016-02-5,16.5,24.8,1.8,,,ESE,43,23:23,20.4,73,,ESE,13,1009.1,23.5,62,,ESE,13,1008.2
2016-02-4,19.2,23.1,14.8,,,ESE,33,16:09,20.2,93,,SE,4,1006.3,19.9,86,,E,13,1005.1
2016-02-3,18.9,26.5,0,,,SSW,39,15:45,22.8,76,,W,7,1004.7,25.5,74,,W,7,1002.1
2016-02-2,13.0,30.6,0.2,,,WSW,43,18:16,25.6,43,,W,17,1005.7,29.3,24,,WSW,19,1003.6
2016-02-1,19.1,28.7,6.0,,,W,37,12:16,23.4,79,,WNW,9,1007.3,26.8,29,,W,13,1004.0
2016-01-31,19.4,29.7,0.2,,,WNW,37,11:57,23.4,67,,WNW,13,1009.0,28.0,42,,NNW,9,1005.7
2016-01-30,17.4,28.4,57.8,,,N,37,22:36,23.4,80,,NNW,13,1006.3,27.4,54,,WNW,7,1004.1
2016-01-29,15.6,28.6,3.4,,,N,39,14:27,23.9,83,,NW,6,1005.1,23.6,80,,N,6,1001.3
2016-01-28,16.6,24.0,5.8,,,N,30,09:18,17.1,94,,NNE,13,1008.8,22.0,88,,NW,6,1004.9
2016-01-27,15.1,24.2,0.2,,,ENE,28,10:06,19.9,67,,E,13,1014.3,23.2,61,,ENE,9,1010.5
2016-01-26,16.2,25.9,6.2,,,E,31,16:12,20.5,77,,ENE,7,1014.0,23.7,68,,E,13,1012.5
2016-01-25,16.4,25.3,3.6,,,E,26,19:47,20.4,86,,ENE,7,1012.6,24.3,70,,NE,7,1009.2
2016-01-24,14.8,26.3,2.4,,,ESE,22,08:05,19.4,83,,E,7,1010.8,25.1,59,,E,9,1008.1
2016-01-23,19.3,28.4,0.8,,,WSW,46,16:18,24.5,71,,NW,6,1008.6,21.7,70,,SSW,24,1006.2
2016-01-22,16.9,31.6,0,,,WSW,24,14:24,24.8,56,,W,7,1013.6,29.7,34,,WNW,7,1009.4
2016-01-21,14.3,30.6,0,,,WSW,20,11:55,24.9,47,,W,9,1015.3,29.4,38,,WSW,7,1012.5
2016-01-20,14.4,28.9,0,,,WSW,24,10:59,23.6,51,,W,7,1016.4,27.2,37,,SSW,4,1013.4
2016-01-19,11.0,27.4,0,,,SW,20,12:14,21.2,60,,NNE,4,1017.8,25.7,40,,SSW,6,1014.0
2016-01-18,10.7,24.4,0,,,E,22,07:06,18.6,62,,E,9,1017.3,23.6,46,,ESE,6,1014.9
2016-01-17,13.1,21.7,0.4,,,E,35,07:50,16.1,67,,E,15,1019.4,21.3,52,,ESE,9,1016.6
2016-01-16,12.0,18.9,20.0,,,ESE,35,11:22,13.2,94,,ESE,11,1020.0,17.2,75,,ESE,9,1018.5
2016-01-15,14.0,27.4,0,,,ESE,37,17:47,23.3,69,,E,7,1015.8,21.4,84,,E,7,1013.7
2016-01-14,17.9,32.0,0.2,,,NE,17,13:15,26.0,43,,NE,7,1017.3,31.6,25,,E,7,1014.7
2016-01-13,15.5,30.1,15.2,,,ESE,22,15:06,27.3,48,,E,4,1018.4,29.8,48,,ENE,9,1016.7
2016-01-12,15.5,31.6,0,,,ESE,35,18:52,26.6,53,,W,7,1016.1,30.6,40,,NE,6,1013.0
2016-01-11,13.4,29.7,0,,,SSW,24,12:19,23.0,59,,ENE,4,1016.1,28.5,35,,NW,6,1012.6
2016-01-10,13.2,27.5,4.8,,,SSW,28,12:05,20.8,66,,WSW,6,1018.2,25.4,54,,ENE,9,1015.0
2016-01-9,11.7,26.2,0,,,ESE,37,15:58,19.6,65,,N,6,1019.4,26.1,39,,WSW,13,1015.6
2016-01-8,12.7,25.9,,,,,,,20.5,62,,ENE,4,1017.3,23.6,49,,ENE,6,1014.9
2016-01-7,10.4,25.9,0,,,SW,30,15:44,20.7,52,,N,6,1009.9,25.6,38,,WSW,13,1009.2
2016-01-6,12.0,24.2,2.6,,,SW,33,15:15,18.3,75,,WSW,15,1006.2,23.2,55,,WSW,15,1004.8
2016-01-5,16.5,22.5,1.8,,,SW,33,22:55,18.1,88,,E,9,1009.5,22.1,77,,ENE,6,1006.2
2016-01-4,12.3,22.6,6.8,,,E,26,10:07,17.7,88,,ESE,11,1011.3,21.2,74,,NE,9,1009.0
2016-01-3,14.3,17.9,0,,,E,31,07:50,16.7,75,,E,9,1009.5,16.3,89,,E,9,1008.8
2016-01-2,12.3,26.5,0,,,E,26,21:46,20.9,46,,NNE,4,1009.7,25.1,48,,E,11,1006.2
2016-01-1,12.1,25.5,0,,,ESE,26,06:58,19.1,61,,ENE,6,1012.9,25.2,44,,E,9,1008.9
2015-11-30,13.7,29.7,1.2,,,WSW,30,12:05,23.5,64,,N,7,1012.6,29.2,22,,WSW,11,1010.4
2015-11-29,17.9,26.4,4.8,,,N,33,16:56,21.7,76,,N,11,1014.0,25.4,64,,S,4,1009.1
2015-11-28,17.4,26.1,0,,,ESE,26,14:55,22.9,70,,ENE,6,1014.2,23.9,67,,E,11,1012.4
2015-11-27,15.5,28.6,9.8,,,ENE,24,16:38,26.1,60,,NE,6,1012.3,28.1,55,,ENE,7,1010.1
2015-11-26,18.0,31.2,0,,,NNW,46,20:29,24.9,54,,NNW,11,1012.5,30.8,34,,W,15,1009.1
2015-11-25,17.1,29.4,0,,,N,28,16:11,22.2,68,,NNE,11,1016.1,27.4,39,,NNE,9,1012.2
2015-11-24,10.7,28.9,1.6,,,W,24,13:13,21.5,69,,E,9,1015.3,28.3,22,,WNW,9,1012.3
2015-11-23,15.2,28.1,0.8,,,W,44,16:36,22.3,71,,NNW,7,1014.2,27.7,51,,W,11,1010.7
2015-11-22,14.7,24.9,0,,,E,28,02:24,17.2,85,,E,11,1017.3,24.5,66,,ENE,11,1014.2
2015-11-21,18.8,31.0,0,,,E,33,20:49,25.5,35,,WNW,9,1016.8,30.3,28,,WSW,15,1013.2
2015-11-20,13.2,32.9,0,,,NNE,19,13:58,26.6,47,,WSW,7,1019.4,31.5,29,,SW,4,1015.0
2015-11-19,10.2,30.1,0,,,SW,31,11:36,24.0,42,,SW,17,1019.0,29.4,32,,SSE,7,1015.9
2015-11-18,11.3,25.3,1.0,,,SW,24,08:54,20.0,63,,SW,15,1019.2,24.4,39,,SW,9,1016.5
2015-11-17,10.9,22.7,5.4,,,NNE,19,13:01,15.8,73,,E,7,1018.6,21.6,48,,NE,7,1015.9
2015-11-16,11.0,21.6,,,,ESE,37,16:47,17.2,61,,ESE,11,1015.4,18.2,63,,E,7,1012.5
2015-11-15,13.9,21.7,23.6,,,ESE,41,16:48,17.4,76,,E,9,1011.3,19.2,65,,E,13,1009.9
2015-11-14,15.1,26.1,30.0,,,W,48,16:51,19.8,78,,N,6,1011.4,24.6,50,,W,6,1005.4
2015-11-13,15.0,25.8,0,,,W,24,15:05,20.1,67,,NNW,7,1015.7,25.1,39,,NNW,9,1011.3
2015-11-12,11.6,23.4,0,,,ENE,24,07:45,19.3,58,,ENE,11,1020.0,23.0,48,,ESE,6,1016.9
2015-11-11,10.8,22.8,0,,,E,24,08:07,17.3,70,,ESE,9,1018.2,21.4,50,,ESE,9,1016.5
2015-11-10,9.7,25.2,,,,NE,20,15:44,18.8,64,,NE,4,1015.3,24.4,36,,W,6,1011.6
2015-11-9,12.9,21.4,0.2,,,ESE,35,07:44,15.1,83,,ESE,11,1016.8,19.6,64,,ENE,13,1013.6
2015-11-8,13.3,22.8,0,,,ESE,43,18:37,18.8,78,,ESE,9,1014.1,20.0,65,,E,15,1013.0
2015-11-7,12.7,27.3,,,,WSW,33,13:01,24.4,35,,W,11,1012.5,26.4,30,,SW,17,1009.4
2015-11-6,14.8,28.1,41.6,,,,,,22.2,59,,NW,9,1012.7,27.5,33,,NW,9,1008.3
2015-11-5,16.3,25.1,0.8,,,S,59,14:42,20.7,81,,NE,7,1014.1,15.2,99,,SSW,7,1011.5
2015-11-4,16.5,28.3,1.0,,,ESE,28,19:52,22.0,70,,NNW,7,1015.9,26.7,48,,NNW,6,1011.5
2015-11-3,16.8,29.6,0,,,SW,52,16:30,24.6,51,,W,11,1016.2,27.6,39,,WNW,9,1012.6
2015-11-2,13.3,25.7,0,,,WNW,26,10:14,19.1,73,,NNW,9,1016.9,23.4,52,,NNW,9,1013.4
2015-11-1,9.9,22.8,,,,N,24,07:41,17.7,59,,NNE,11,1019.7,21.5,46,,N,11,1015.0
2015-10-31,10.3,21.4,0,,,,,,18.2,64,,NNE,11,1021.9,20.7,57,,ENE,7,1018.0
2015-10-30,11.7,20.7,0.2,,,ESE,20,16:57,14.0,83,,ENE,7,1022.9,18.8,61,,NE,7,1019.7
2015-10-29,10.8,18.8,12.2,,,E,22,20:52,14.8,84,,ESE,9,1021.3,16.9,76,,ENE,7,1018.9
2015-10-28,10.8,16.0,11.2,,,ENE,30,03:42,14.0,85,,E,11,1021.4,12.8,94,,ENE,9,1018.8
2015-10-27,10.8,27.1,6.2,,,E,39,19:56,22.2,47,,SSW,9,1019.3,23.8,52,,ENE,11,1017.2
2015-10-26,12.4,27.2,2.6,,,W,37,21:57,20.8,63,,NNW,7,1021.4,26.3,35,,NW,9,1016.6
2015-10-25,11.1,23.5,1.8,,,ENE,20,17:02,19.2,70,,N,6,1023.3,19.1,72,,NNE,7,1019.7
2015-10-24,9.5,21.9,0,,,ENE,24,07:07,15.7,69,,E,9,1022.6,20.7,56,,ENE,9,1019.2
2015-10-23,8.3,23.4,4.6,,,ESE,33,19:24,18.0,62,,E,11,1017.5,21.7,50,,E,7,1015.8
2015-10-22,14.3,24.5,0,,,WSW,48,16:54,20.3,56,,NW,9,1014.2,21.7,62,,WNW,13,1008.9
2015-10-21,9.1,27.5,0,,,N,26,23:33,19.8,48,,N,6,1019.5,26.8,20,,NW,7,1014.8
2015-10-20,9.7,26.4,0,,,ESE,22,10:52,19.9,40,,ENE,9,1023.9,25.4,32,,NE,9,1019.7
2015-10-19,12.9,24.3,0,,,ESE,33,09:09,17.9,59,,E,15,1026.1,23.4,33,,E,9,1022.4
2015-10-18,7.5,24.4,0,,,E,33,12:39,16.7,73,,ESE,13,1026.3,23.2,36,,E,11,1023.4
2015-10-17,7.8,28.6,0,,,SSW,35,12:00,20.8,47,,SSW,6,1024.4,26.7,28,,ESE,9,1021.0
2015-10-16,10.4,25.6,0,,,ESE,26,13:36,19.3,54,,E,7,1024.6,25.0,27,,E,9,1021.3
2015-10-15,12.2,24.1,0,,,ESE,26,16:24,17.9,68,,E,7,1026.0,21.8,42,,ESE,6,1022.0
2015-10-14,10.2,23.7,4.6,,,ESE,39,15:40,19.3,63,,E,9,1024.1,22.7,46,,E,13,1020.5
2015-10-13,11.3,27.0,0,,,ESE,28,15:44,21.3,47,,WSW,7,1020.9,25.2,36,,E,7,1017.9
2015-10-12,8.9,26.5,0,,,WSW,30,11:59,19.9,46,,WNW,9,1022.6,24.4,31,,WSW,9,1018.0
2015-10-11,5.4,24.4,0,,,NNE,22,11:57,17.5,60,,NNE,7,1025.3,22.6,34,,WNW,7,1020.8
2015-10-10,8.2,23.4,0,,,ENE,30,07:56,16.6,55,,NE,11,1029.2,22.2,36,,SE,7,1025.1
2015-10-9,11.1,20.5,0,,,ESE,35,00:27,15.3,66,,ESE,13,1032.4,17.6,55,,E,13,1028.7
2015-10-8,10.9,21.4,0,,,E,46,11:45,16.2,65,,ESE,17,1032.3,16.4,69,,ESE,15,1030.5
2015-10-7,5.9,29.9,0,,,ESE,43,17:03,22.9,18,,S,6,1028.0,29.0,16,,ESE,9,1024.3
2015-10-6,6.0,29.6,0,,,ESE,20,13:00,24.5,19,,NE,6,1027.6,28.7,13,,E,7,1024.0
2015-10-5,6.4,30.5,0,,,ENE,19,17:09,23.3,28,,SSW,6,1028.6,29.6,18,,ENE,7,1024.5
2015-10-4,4.3,29.3,0,,,SW,26,13:27,22.3,29,,SW,6,1029.4,28.9,15,,SSW,11,1025.5
2015-10-3,9.3,25.4,0,,,ENE,24,12:04,19.6,41,,ESE,11,1032.7,24.8,19,,ENE,9,1028.7
2015-10-2,5.3,25.2,0,,,E,28,13:08,21.0,20,,ENE,6,1031.6,24.7,22,,E,9,1029.4
2015-10-1,5.0,23.6,0,,,SW,41,17:27,19.3,40,,N,4,1027.7,20.6,36,,ESE,9,1024.4
2015-09-30,5.0,22.4,0,,,SSW,26,12:16,17.8,51,,WSW,9,1023.9,20.3,23,,SW,6,1020.9
2015-09-29,6.1,21.2,0,,,WSW,33,15:35,16.2,61,,NW,4,1021.2,20.8,23,,SW,17,1017.6
2015-09-28,3.3,20.3,,,,W,31,13:38,15.4,58,,W,9,1020.6,19.0,28,,WSW,13,1017.5
2015-09-27,5.6,18.2,4.0,,,SSW,31,11:22,12.9,64,,NE,6,1022.0,17.5,35,,WSW,11,1017.8
2015-09-26,6.1,17.9,0,,,E,30,08:08,11.1,80,,ESE,9,1023.7,14.7,59,,E,9,1019.7
2015-09-25,0.6,18.2,0,,,ESE,28,09:48,14.1,51,,ESE,11,1022.5,16.0,43,,ESE,13,1020.4
2015-09-24,-1.4,16.8,0,,,SSW,28,11:47,11.4,42,,SSE,7,1021.4,15.8,22,,SSW,11,1017.5
2015-09-23,2.4,14.8,0,,,ESE,28,16:47,11.4,67,,ENE,9,1018.5,12.2,55,,ESE,7,1017.5
2015-09-22,4.9,21.3,0,,,W,54,15:55,16.6,62,,W,9,1018.9,20.5,24,,WSW,22,1014.9
2015-09-21,8.1,20.7,0,,,WSW,24,14:54,14.7,58,,ENE,7,1021.2,20.0,33,,W,13,1017.5
2015-09-20,7.1,19.2,,,,ESE,31,20:06,13.8,64,,ESE,11,1021.5,15.9,59,,ENE,7,1018.1
2015-09-19,8.4,18.1,0.4,,,ESE,31,11:52,11.3,80,,ESE,11,1022.1,17.3,45,,E,7,1018.9
2015-09-18,1.1,15.2,6.0,,,ESE,35,14:17,10.1,87,,SE,13,1019.4,13.2,63,,SE,9,1019.6
2015-09-17,10.1,18.0,2.2,,,SW,30,16:57,15.3,75,,NNW,11,1016.8,17.9,63,,WNW,9,1013.7
2015-09-16,6.2,22.2,0,,,N,63,15:56,17.2,64,,NW,6,1019.6,21.4,37,,ESE,4,1015.3
2015-09-15,4.6,21.4,0,,,N,22,12:09,16.5,54,,N,9,1023.0,21.0,27,,WNW,9,1018.6
2015-09-14,7.2,20.5,,,,NE,24,08:46,14.7,61,,NE,13,1027.3,19.7,38,,NE,6,1023.2
2015-09-13,1.9,19.6,0,,,ESE,28,09:45,14.3,50,,ESE,13,1028.7,19.3,37,,ENE,9,1025.3
2015-09-12,2.8,19.0,0,,,ESE,20,12:40,13.8,61,,E,6,1030.0,18.6,42,,SE,6,1025.8
2015-09-11,8.6,18.3,0,,,ESE,33,08:11,12.0,69,,E,13,1031.0,17.2,50,,E,9,1028.0
2015-09-10,2.6,18.4,0,,,E,24,21:46,12.9,67,,ESE,7,1027.9,16.9,41,,E,7,1026.0
2015-09-9,3.5,16.2,0.2,,,SSW,33,07:46,10.5,51,,SSW,20,1022.2,15.9,35,,WSW,15,1020.4
2015-09-8,8.0,18.4,2.4,,,WSW,41,14:19,15.2,61,,WNW,9,1020.2,17.6,24,,WSW,15,1017.1
2015-09-7,10.5,19.6,0,,,W,35,19:33,14.5,68,,NNW,11,1022.7,18.9,46,,NNW,9,1019.1
2015-09-6,3.3,16.7,0,,,N,15,14:03,12.3,85,,N,6,1023.9,15.8,51,,NNW,6,1020.5
2015-09-5,7.2,18.4,0,,,SW,24,12:49,13.7,71,,ENE,4,1022.7,16.3,45,,SW,9,1018.7
2015-09-4,4.6,17.3,4.2,,,SW,35,01:05,11.6,68,,SSW,2,1018.4,16.7,48,,ESE,6,1018.3
2015-09-3,10.6,15.2,5.8,,,W,50,12:33,13.1,70,,W,15,1011.6,11.3,62,,W,17,1009.6
2015-09-2,-0.4,20.4,0,,,N,24,13:50,10.6,43,, ,Calm,1018.8,18.4,26,,NNW,9,1014.8
2015-09-1,-0.3,16.3,0,,,W,35,14:43,10.5,56,,SW,7,1017.9,15.4,13,,WSW,15,1014.3
2015-08-31,-1.6,15.3,0,,,SW,30,14:36,9.8,50,,SW,7,1017.6,13.7,33,,SW,15,1014.9
2015-08-30,3.0,14.4,0.2,,,WSW,35,12:44,9.8,65,,SSW,7,1019.0,14.0,39,,SW,13,1015.8
2015-08-29,-0.7,16.7,0,,,N,20,10:37,12.6,54,,NNE,9,1024.0,14.1,45,,W,7,1020.3
2015-08-28,4.4,14.8,3.8,,,W,31,13:12,10.4,71,,WSW,15,1023.7,14.2,43,,WSW,13,1020.7
2015-08-27,6.9,13.6,0.8,,,WNW,20,16:35,9.3,86,,SW,6,1024.5,12.7,94,,WNW,7,1020.4
2015-08-26,6.4,17.4,0.2,,,WSW,30,13:34,11.8,58,,WSW,13,1022.8,17.1,32,,WSW,13,1020.5
2015-08-25,12.1,19.3,17.0,,,WSW,43,14:27,15.4,79,,WNW,13,1020.8,18.5,49,,W,15,1019.1
2015-08-24,10.5,20.5,0.2,,,WNW,56,18:29,14.1,97,,NNE,2,1023.3,19.5,66,,N,15,1018.4
2015-08-23,8.1,21.2,0,,,N,26,15:00,13.7,91,,N,7,1025.6,20.2,54,,NNW,11,1021.5
2015-08-22,8.5,21.9,,,,N,19,08:04,13.9,88,,N,7,1027.4,19.5,49,,WSW,7,1023.0
2015-08-21,7.5,19.5,0,,,ENE,26,09:56,12.9,72,,ENE,9,1028.2,19.1,49,,ENE,7,1024.7
2015-08-20,6.2,16.9,0,,,ENE,22,23:54,11.3,71,,E,13,1028.7,16.5,43,,E,7,1025.6
2015-08-19,-0.1,16.0,0,,,E,20,10:58,11.6,69,,ENE,7,1026.0,14.3,42,,ESE,7,1023.7
2015-08-18,-2.2,16.3,0,,,WSW,22,14:31,8.8,55,,SSW,7,1021.4,15.1,30,,WSW,9,1019.3
2015-08-17,2.1,16.5,0.2,,,WSW,31,11:20,12.3,75,,WNW,7,1021.4,15.1,41,,SW,17,1017.3
2015-08-16,1.9,17.5,0,,,ENE,19,08:30,12.0,70,,E,7,1027.2,13.2,56,,SW,6,1023.4
2015-08-15,-1.6,17.0,,,,ESE,20,08:53,9.8,75,,E,11,1028.5,16.4,42,,ENE,7,1026.3
2015-08-14,-2.6,,0,,,,,,7.4,57,,SW,7,1025.6,15.6,31,,W,11,1023.5
2015-08-13,2.5,13.0,0,,,WSW,44,09:35,6.8,59,,WSW,24,1018.6,12.2,41,,WSW,17,1018.4
2015-08-12,3.3,18.7,0.2,,,W,48,13:30,14.1,56,,N,24,1012.9,16.6,32,,W,15,1010.2
2015-08-11,-2.5,19.6,0,,,W,31,13:51,14.3,34,,NNW,6,1019.6,18.9,21,,W,11,1016.7
2015-08-10,-0.4,16.2,0,,,WSW,35,11:43,10.7,75,,NNW,13,1020.8,15.7,35,,WNW,11,1017.9
2015-08-9,-1.0,15.8,0.2,,,ENE,19,14:08,10.1,79,,ENE,7,1023.8,13.6,47,,NE,6,1019.9
2015-08-8,-3.7,15.4,0,,,NE,20,12:37,8.4,61,, ,Calm,1022.6,14.9,30,,NNE,7,1019.4
2015-08-7,-4.5,14.0,0,,,NE,20,10:53,6.9,58,,NE,2,1022.0,13.6,30,,NNW,6,1019.9
2015-08-6,1.2,11.4,0,,,W,35,13:12,6.5,61,,SW,20,1017.4,10.0,44,,SW,19,1016.4
2015-08-5,-0.8,9.6,0,,,WSW,35,15:23,3.5,57,,SSW,15,1016.8,8.9,41,,WSW,17,1014.3
2015-08-4,-2.0,15.3,0,,,SW,26,15:09,9.6,61,,ENE,7,1020.9,13.6,33,,WNW,9,1018.0
2015-08-3,10.2,19.2,0,,,WSW,28,18:19,15.2,55,,WNW,6,1019.6,18.0,43,,W,13,1017.5
2015-08-2,1.5,20.0,0,,,W,28,13:26,15.3,55,,NW,6,1024.3,19.3,31,,NNW,13,1020.3
2015-08-1,-0.5,20.8,0,,,N,19,13:39,11.7,59,, ,Calm,1025.2,20.1,19,,WNW,9,1022.0
2015-07-31,0.0,17.0,0.2,,,WSW,33,10:01,9.5,67,,SW,7,1025.3,16.6,30,,WSW,11,1022.7
2015-07-30,-0.9,16.9,0,,,NW,19,12:58,9.7,82,,ENE,6,1029.7,16.4,43,,NW,6,1025.3
2015-07-29,-3.3,15.0,0,,,ESE,15,14:19,7.6,67,,E,2,1033.6,14.0,24,,E,6,1029.5
2015-07-28,-3.5,15.1,0,,,N,17,13:23,7.2,73,, ,Calm,1031.2,14.0,37,,SW,4,1028.9
2015-07-27,6.5,13.3,0,,,SW,39,10:03,9.5,72,,SW,13,1026.2,12.5,40,,WSW,19,1024.3
2015-07-26,5.7,14.9,0.2,,,WSW,26,18:04,12.7,92,,WSW,6,1023.5,14.4,82,,WSW,13,1020.8
2015-07-25,8.5,14.6,12.8,,,WSW,26,09:21,10.6,95,,WSW,13,1023.4,13.7,71,,WNW,13,1021.7
2015-07-24,9.3,17.6,0.2,,,SW,39,20:30,13.7,91,,N,11,1024.2,15.0,84,,WNW,9,1021.0
2015-07-23,10.0,15.9,0.2,,,N,20,14:29,11.6,96,,ENE,6,1026.9,15.6,69,,N,9,1024.1
2015-07-22,7.0,13.7,0.2,,,ENE,26,10:41,10.6,81,,ENE,9,1030.3,12.8,79,,ENE,7,1027.6
2015-07-21,5.2,14.5,0,,,ENE,26,12:46,9.6,82,,ESE,11,1032.3,14.3,63,,NE,7,1029.8
2015-07-20,1.6,15.7,0.2,,,ESE,30,09:51,8.6,88,,E,9,1032.1,12.3,66,,E,13,1029.6
2015-07-19,-2.9,13.3,0,,,ESE,30,09:31,8.7,79,,ESE,9,1029.1,11.3,63,,ESE,7,1027.6
2015-07-18,-2.0,13.4,3.8,,,SW,33,00:50,3.0,74,,SSW,6,1023.2,12.9,40,,ENE,7,1023.0
2015-07-17,-2.5,4.8,0.2,,,WSW,63,14:02,0.4,,,W,22,1016.4,4.4,86,,WSW,24,1016.1
2015-07-16,-2.0,11.2,0.2,,,W,28,00:00,6.7,82,,W,7,1019.0,9.8,49,,W,13,1015.5
2015-07-15,0.1,11.0,0,,,WSW,22,00:03,6.1,65,,SSW,9,1019.3,10.1,53,,W,4,1017.0
2015-07-14,1.8,9.4,3.2,,,WSW,50,04:06,3.7,85,,WSW,17,1018.3,7.9,65,,WSW,20,1016.3
2015-07-13,2.1,5.9,1.8,,,WSW,50,13:05,2.7,96,,WSW,20,1013.6,5.1,94,,W,24,1012.0
2015-07-12,2.3,8.3,8.0,,,WSW,54,03:04,3.6,73,,W,19,1015.5,6.7,49,,W,20,1011.6
2015-07-11,3.8,14.7,0,,,WSW,39,16:43,11.8,86,,N,11,1019.7,12.9,66,,W,9,1014.6
2015-07-10,4.0,16.1,0,,,NE,20,08:37,9.1,84,,ENE,7,1026.0,14.3,57,,ENE,7,1021.2
2015-07-9,6.7,14.1,0,,,ESE,22,04:52,8.4,88,,E,9,1029.6,13.1,56,,ENE,9,1026.6
2015-07-8,-1.5,12.8,0,,,E,35,11:18,8.3,73,,E,13,1025.6,10.9,68,,ENE,7,1025.0
2015-07-7,-2.2,15.9,0,,,WSW,28,14:29,8.2,45,,SW,6,1020.2,14.8,22,,WSW,13,1018.7
2015-07-6,-0.4,15.9,0,,,WNW,37,13:25,11.1,67,,WSW,6,1020.6,14.1,50,,W,15,1017.3
2015-07-5,-0.6,16.1,0,,,W,26,10:31,9.1,88,,NW,2,1024.0,14.7,43,,WNW,9,1021.3
2015-07-4,-2.1,15.5,0,,,SW,20,11:10,7.4,87,, ,Calm,1025.4,14.6,45,,WSW,7,1022.2
2015-07-3,-3.9,13.6,0.2,,,ESE,30,11:48,7.0,57,,SE,4,1023.4,12.6,49,,ESE,7,1022.8
2015-07-2,5.1,11.7,0,,,SW,35,21:06,7.7,59,,WSW,9,1023.5,10.4,36,,WSW,17,1020.3
2015-07-1,5.3,15.9,0,,,WSW,26,13:28,10.9,87,,WSW,4,1026.0,14.8,57,,WSW,13,1023.4
2015-06-30,9.2,17.2,0,,,ENE,24,09:49,12.8,78,,ENE,7,1029.3,16.6,53,,E,4,1026.0
2015-06-29,7.8,17.8,0,,,ENE,24,11:52,11.9,82,,E,7,1032.9,15.1,63,,E,9,1029.6
2015-06-28,6.4,19.0,0,,,SSW,13,14:52,12.5,88,,E,4,1033.1,16.8,60,,SSE,6,1029.9
2015-06-27,6.9,15.1,0.2,,,ESE,26,08:55,12.1,78,,ESE,13,1033.0,13.5,75,,SE,7,1030.4
2015-06-26,2.4,13.5,11.8,,,ESE,33,11:27,11.9,80,,SE,9,1028.5,12.5,80,,ESE,9,1028.4
2015-06-25,5.0,12.0,0.2,,,WSW,11,11:57,9.1,95,, ,Calm,1023.3,10.9,94,, ,Calm,1022.1
2015-06-24,2.8,16.7,0.2,,,NE,19,13:43,8.3,93,, ,Calm,1026.7,15.9,55,,NE,7,1022.5
2015-06-23,2.4,14.6,0,,,NE,13,11:49,8.8,92,,SSW,2,1029.3,13.8,63,,ENE,2,1026.6
2015-06-22,1.6,14.6,0,,,ESE,20,11:34,9.0,90,,E,7,1029.4,13.4,67,,ENE,9,1027.3
2015-06-21,-0.6,13.6,0.2,,,E,28,10:53,9.3,63,,ESE,9,1025.9,13.1,49,,E,7,1025.2
2015-06-20,-1.2,14.4,0,,,ESE,22,21:28,7.1,85,, ,Calm,1021.5,12.8,43,,SW,4,1019.5
2015-06-19,6.9,12.6,0,,,SW,41,13:21,9.2,76,,WSW,9,1017.6,10.7,62,,SW,15,1015.8
2015-06-18,6.3,14.8,13.4,,,WSW,31,12:01,10.8,85,,SW,9,1017.9,12.8,61,,WSW,13,1016.0
2015-06-17,12.3,14.0,0.4,,,N,33,05:01,13.6,88,,N,11,1018.8,12.1,97,,W,7,1015.9
2015-06-16,10.9,15.4,0.2,,,ENE,24,06:43,12.4,93,,E,7,1024.8,14.5,86,,ENE,7,1020.8
2015-06-15,9.4,15.9,0.2,,,E,22,08:49,12.4,94,,E,9,1027.0,13.8,83,,ENE,9,1025.2
2015-06-14,9.0,17.8,0,,,ENE,20,21:48,12.8,76,,E,7,1028.4,14.6,71,,ENE,7,1025.1
2015-06-13,9.9,15.9,1.2,,,ESE,31,01:02,10.7,89,,E,13,1029.9,13.8,77,,ESE,11,1027.2
2015-06-12,7.3,15.1,0.2,,,ESE,33,10:16,10.0,90,,ESE,11,1032.5,11.6,86,,ESE,9,1029.2
2015-06-11,6.7,12.8,0.4,,,ESE,39,08:24,10.7,94,,ESE,19,1031.7,12.0,76,,SE,11,1031.0
2015-06-10,0.6,16.6,0,,,ESE,28,11:16,11.9,86,,E,2,1028.0,15.4,59,,ESE,11,1027.5
2015-06-9,2.7,17.1,0,,,SW,22,11:22,11.5,87,,W,4,1027.3,15.3,63,,SW,9,1024.9
2015-06-8,0.7,17.4,0.2,,,WSW,17,10:41,9.6,92,,SSW,2,1029.4,16.5,53,,SSW,7,1025.9
2015-06-7,9.2,16.3,0,,,E,31,10:19,12.0,71,,E,13,1030.5,14.9,58,,E,9,1028.4
2015-06-6,-1.5,15.2,0.2,,,SE,37,13:01,9.5,69,,SW,4,1025.3,14.3,64,,SE,9,1025.7
2015-06-5,-2.5,11.3,0,,,WSW,31,10:31,7.8,54,,SW,13,1019.6,9.9,59,,WSW,15,1017.8
2015-06-4,-2.9,15.2,0.2,,,WSW,20,12:43,7.9,74,,NE,2,1022.1,13.9,28,,W,7,1020.1
2015-06-3,-2.5,14.5,0,,,W,15,14:52,8.2,73,, ,Calm,1022.5,13.6,35,,NW,6,1020.2
2015-06-2,-3.8,13.8,0,,,W,20,12:29,4.1,72,,WSW,4,1022.2,13.0,23,,WSW,7,1019.9
2015-06-1,8.7,12.4,1.2,,,WSW,44,15:12,9.6,80,,WSW,17,1016.4,11.6,51,,WSW,20,1016.0
2015-05-31,8.6,20.2,0,,,SW,37,20:44,17.1,79,,NNW,7,1018.6,19.6,65,,W,15,1015.1
2015-05-30,9.2,19.7,0,,,W,22,11:24,15.6,81,,SW,2,1024.4,18.4,65,,W,7,1020.4
2015-05-29,6.7,19.6,0,,,W,20,12:38,15.5,80,,NW,6,1024.9,18.6,60,,WNW,9,1022.9
2015-05-28,2.7,19.0,0,,,SSW,15,11:17,12.9,88,, ,Calm,1025.4,18.8,45,,NNW,4,1022.6
2015-05-27,3.5,18.5,0.2,,,WSW,13,13:59,11.5,93,, ,Calm,1026.1,17.9,43,,NW,4,1022.2
2015-05-26,3.0,16.1,0,,,NNE,9,13:18,11.5,92,,E,6,1029.2,15.3,62,, ,Calm,1025.3
2015-05-25,3.2,16.6,0.2,,,E,22,09:03,11.2,80,,ESE,9,1031.8,15.2,63,,ENE,7,1028.6
2015-05-24,2.9,16.2,0,,,ESE,30,09:46,11.3,81,,ESE,13,1029.0,15.2,56,,E,7,1028.4
2015-05-23,1.3,15.4,0.2,,,SE,41,10:28,10.9,68,,SE,11,1024.3,12.8,60,,SE,7,1024.7
2015-05-22,6.5,11.5,11.2,,,WSW,37,14:53,8.3,84,,WSW,11,1017.3,10.1,67,,SW,20,1016.2
2015-05-21,10.7,13.3,9.2,,,SW,30,09:28,13.3,96,,WSW,9,1020.5,12.7,96,,W,7,1018.1
2015-05-20,8.0,21.6,0.2,,,WNW,19,13:00,14.4,94,,WSW,6,1022.0,20.0,55,,W,9,1019.2
2015-05-19,11.1,19.7,0,,,ENE,22,03:38,13.3,88,,ENE,7,1023.7,19.3,51,,WNW,7,1019.8
2015-05-18,11.5,18.6,0.4,,,ESE,33,09:29,14.1,79,,ESE,13,1029.0,16.2,62,,E,11,1025.8
2015-05-17,10.4,16.9,0.4,,,ESE,33,11:21,12.4,93,,ESE,13,1030.7,14.7,78,,E,9,1028.8
2015-05-16,5.6,16.8,0.2,,,SE,35,11:47,12.2,85,,ESE,13,1031.2,14.4,61,,ESE,15,1029.2
2015-05-15,-2.3,18.0,0,,,SE,28,11:13,13.7,53,,ESE,11,1027.5,17.4,53,,SE,7,1026.6
2015-05-14,-0.8,14.7,0,,,SW,28,11:58,6.5,46,,SW,9,1023.3,13.9,30,,SW,13,1022.3
2015-05-13,4.0,15.9,0,,,WSW,39,18:18,12.8,64,,SW,13,1016.6,13.4,56,,WSW,15,1014.8
2015-05-12,2.9,19.0,0,,,WSW,22,12:31,12.5,67,, ,Calm,1018.8,17.6,36,,W,11,1015.7
2015-05-11,8.0,17.1,0,,,SW,43,10:39,13.3,52,,SW,20,1016.8,16.7,50,,WSW,19,1015.4
2015-05-10,-0.3,16.4,0,,,W,31,15:41,10.3,66,,SSW,4,1018.2,15.2,37,,W,15,1014.5
2015-05-9,-0.8,16.1,0,,,WSW,28,11:37,10.0,66,,SSW,6,1018.6,15.6,40,,WSW,13,1016.5
2015-05-8,0.2,19.0,0,,,WNW,17,14:05,11.5,52,, ,Calm,1019.2,17.5,39,,W,9,1016.6
2015-05-7,0.7,20.4,0,,,W,24,13:15,12.8,56,,WSW,2,1019.2,18.0,24,,WSW,13,1016.6
2015-05-6,6.7,22.3,0.2,,,WSW,33,16:00,17.8,55,,WSW,9,1016.9,21.1,34,,WSW,15,1015.4
2015-05-5,8.4,21.9,0,,,WSW,26,14:43,17.2,85,,SW,7,1015.7,20.9,51,,WSW,11,1012.3
2015-05-4,7.8,22.7,0,,,NNE,15,14:40,16.4,85,,E,4,1016.1,21.1,63,,NNE,9,1013.4
2015-05-3,12.2,18.2,0.6,,,WSW,19,02:57,13.9,89,,WSW,9,1013.5,17.3,80,,WSW,9,1011.8
2015-05-2,12.1,20.8,54.0,,,SE,37,00:09,15.3,82,,ENE,11,1013.3,19.2,56,,ESE,6,1011.6
2015-05-1,11.0,15.4,8.2,,,SE,52,21:53,12.2,93,,E,11,1018.7,12.9,92,,ESE,9,1015.1
