350.0,23.0,true
2016-04-20,17.2,30.1,0,4.0,9.8,E,24,15:04,23.3,64,1,WSW,7,1022.0,26.7,57,2,E,11,1019.2
2016-04-19,17.7,28.7,0,6.4,9.1,E,20,15:31,23.6,61,6,SW,6,1020.3,26.0,56,7,ENE,7,1017.5
2016-04-18,17.6,28.3,0,3.0,10.4,E,22,13:45,24.3,59,1,SSW,6,1018.7,25.4,55,3,E,9,1015.3
2016-04-17,17.6,28.2,0,3.8,7.4,ENE,24,14:30,22.0,69,6,WSW,6,1019.4,26.5,52,5,E,11,1015.5
2016-04-16,15.9,27.3,0.4,4.2,6.3,ESE,19,12:30,22.7,59,6,SW,6,1020.7,24.9,56,7,E,11,1017.1
2016-04-15,16.8,26.5,0.6,6.4,6.1,ESE,28,12:00,22.8,55,2,SSW,7,1024.7,23.0,68,7,W,4,1021.3
2016-04-14,18.8,27.3,1.4,7.2,5.1,ESE,41,14:24,22.3,76,6,SSE,11,1025.4,25.3,51,6,ESE,17,1023.4
2016-04-13,18.8,28.5,0,4.8,10.0,SSE,35,15:35,25.4,59,2,SSE,7,1022.4,27.1,46,1,ESE,17,1020.7
2016-04-12,20.3,27.6,0,3.2,2.5,E,24,09:31,25.0,72,7,ESE,13,1019.4,26.2,57,6,SE,6,1016.8
2016-04-11,21.7,30.5,0,5.0,0.7,W,19,12:01,25.8,69,8,WNW,2,1017.9,29.0,44,7,S,4,1014.6
2016-04-10,19.1,29.7,0,5.0,9.8,ENE,22,13:34,26.2,61,1,WNW,6,1021.1,28.7,58,1,NNE,9,1017.1
2016-04-9,19.4,30.1,0,4.6,9.5,E,20,14:38,25.9,72,1,NW,2,1021.7,28.4,53,1,ENE,9,1018.9
2016-04-8,20.1,29.8,0,7.2,7.1,ENE,17,15:05,26.7,65,7,N,2,1021.5,28.6,54,6,ENE,7,1018.8
2016-04-7,18.5,30.8,0,4.4,10.2,NE,22,14:12,24.8,68,1,SW,4,1020.5,28.9,48,3,ENE,9,1017.0
2016-04-6,18.0,29.6,0,7.0,10.8,ENE,20,10:23,24.8,59,1,SSW,6,1021.1,28.1,50,1,ENE,11,1017.5
2016-04-5,18.9,29.1,0,8.0,10.7,E,33,15:47,25.9,56,2,SSW,6,1019.7,27.7,42,2,ESE,15,1016.8
2016-04-4,21.4,30.0,0,7.2,8.6,SE,37,14:46,26.4,60,3,SSE,11,1020.0,28.7,38,4,ESE,17,1016.4
2016-04-3,19.6,30.1,0,5.0,10.8,E,26,13:57,25.3,68,2,W,6,1020.1,28.5,52,2,ESE,11,1017.9
2016-04-2,19.9,30.4,0,5.0,10.1,ENE,22,14:18,25.3,69,2,WSW,6,1019.9,29.6,51,1,NE,7,1016.0
2016-04-1,19.5,29.5,0,5.4,10.7,ENE,22,17:27,25.4,58,1,W,4,1019.6,27.1,58,4,E,13,1016.4
2016-03-31,20.0,31.9,26.4,7.2,10.6,E,22,16:00,25.3,69,2,SW,4,1016.8,29.0,56,2,E,7,1013.3
2016-03-30,19.5,31.9,0,8.0,8.3,WNW,24,16:12,26.9,60,3,N,6,1017.4,28.5,55,3,NE,7,1013.5
2016-03-29,19.3,30.7,0.2,4.4,10.8,NE,20,14:00,25.9,67,1,SSW,6,1019.6,28.9,53,1,NE,9,1015.9
2016-03-28,19.5,28.9,0.4,2.0,9.9,NE,20,15:24,24.4,75,3,WSW,7,1019.4,27.2,59,3,NE,9,1016.3
2016-03-27,19.9,25.7,3.4,6.6,0.2,WSW,15,13:27,23.3,75,7,SW,6,1017.6,25.1,71,8, ,Calm,1015.5
2016-03-26,19.4,30.8,0,6.4,9.6,ENE,24,14:51,25.8,60,5,SW,4,1017.7,29.1,50,5,ENE,13,1013.8
2016-03-25,19.2,30.4,0,4.6,11.1,ENE,22,16:20,25.5,62,2,WSW,2,1020.1,28.1,49,1,ENE,9,1015.9
2016-03-24,19.9,30.1,2.8,7.2,8.3,NE,26,16:10,25.5,63,6,SSW,6,1021.4,27.0,59,3,ENE,11,1017.5
2016-03-23,19.0,29.4,0.4,7.0,10.8,E,22,15:00,24.3,64,4,S,4,1017.5,27.8,48,2,ENE,13,1014.5
2016-03-22,19.0,28.8,0,6.4,10.5,E,28,13:56,24.6,57,1,S,7,1013.4,26.9,52,2,ESE,11,1011.0
2016-03-21,21.2,28.9,0,5.0,6.5,ESE,31,17:03,26.4,61,2,S,7,1012.8,27.1,55,7,ESE,15,1008.8
2016-03-20,21.2,29.7,0.2,7.6,6.3,SE,28,15:23,25.1,65,5,SW,6,1012.7,28.8,56,4,ESE,11,1009.6
2016-03-19,22.0,33.5,6.8,7.0,9.9,SE,35,16:25,27.1,71,2,WNW,4,1007.9,29.5,59,5,E,17,1005.8
2016-03-18,21.3,30.9,0,5.4,11.3,ENE,24,14:55,26.5,68,2,WSW,6,1009.6,29.6,57,1,ENE,11,1004.6
2016-03-17,21.9,29.3,0.2,7.2,7.9,SE,28,11:34,26.8,64,6,SE,11,1013.2,27.7,58,4,SE,11,1009.4
2016-03-16,21.4,30.3,1.4,8.0,9.6,SE,31,15:47,26.5,70,6,S,6,1014.1,28.8,60,7,SE,11,1011.5
2016-03-15,20.5,31.4,0,7.4,9.1,SE,30,15:54,26.8,64,2,S,9,1014.4,29.6,59,2,ESE,15,1011.7
2016-03-14,21.6,30.0,16.4,4.0,10.1,E,26,13:54,27.3,67,3,SSE,9,1016.1,28.8,56,3,E,9,1012.8
2016-03-13,22.1,28.0,7.0,5.8,8.2,E,28,11:33,24.5,90,7,WSW,6,1017.9,27.5,72,6,E,11,1015.1
2016-03-12,21.4,30.8,0,5.2,7.5,SE,31,17:05,27.1,64,6,SSE,11,1019.4,29.6,45,7,SE,17,1016.6
2016-03-11,22.4,28.2,4.4,4.6,7.8,NE,22,14:51,26.9,79,7, ,Calm,1019.6,27.5,69,6,ENE,11,1017.0
2016-03-10,20.4,30.9,6.8,4.2,7.8,ENE,31,15:31,26.8,68,7,S,6,1021.0,27.7,71,7,ENE,15,1018.4
2016-03-9,22.1,27.2,6.2,5.2,3.3,E,30,14:36,25.1,84,6,E,9,1021.8,26.0,73,7,E,15,1019.4
2016-03-8,21.4,30.1,1.2,7.4,8.7,E,28,15:18,25.9,77,6,SSW,4,1020.0,28.7,62,3,E,13,1018.3
2016-03-7,20.9,30.4,3.2,6.0,5.8,E,33,13:33,25.4,77,7,S,4,1021.0,27.7,55,7,E,13,1018.6
2016-03-6,19.6,30.5,1.8,5.6,10.0,E,26,16:17,25.4,69,6,W,6,1021.4,29.0,54,4,E,11,1018.3
2016-03-5,20.5,28.6,0,9.2,4.9,SE,26,14:52,25.9,65,7,SE,9,1020.8,26.7,62,7,SE,15,1018.3
2016-03-4,20.7,29.9,0.4,8.4,11.1,E,33,12:16,25.7,66,4,ESE,4,1021.2,29.7,44,2,E,11,1017.8
2016-03-3,21.8,30.3,6.6,6.4,11.0,NE,30,12:27,26.8,63,6,ENE,9,1021.3,29.1,51,1,ENE,15,1018.7
2016-03-2,21.2,29.8,20.8,9.0,10.3,E,30,15:11,26.4,74,7,SSW,2,1019.9,28.9,64,3,ENE,15,1017.8
2016-03-1,22.1,30.5,0.4,8.5,8.1,E,30,10:47,27.0,72,5,SSE,7,1018.5,24.8,88,6,SSE,11,1016.9
2016-02-29,23.0,32.9,0,9.4,10.8,SE,37,10:44,26.3,64,6,SSE,4,1016.9,31.8,47,2,ESE,15,1014.0
2016-02-28,23.0,32.9,0,11.2,11.1,SSE,33,17:09,28.6,60,6,SSW,7,1014.7,30.7,53,3,ESE,13,1011.4
2016-02-27,21.2,35.5,0,8.6,12.1,E,31,14:56,29.5,46,2,SE,11,1013.2,33.7,37,1,ESE,17,1009.6
2016-02-26,20.5,32.8,0,8.0,11.7,E,24,17:15,26.7,62,2,WNW,7,1012.7,31.9,49,1,ENE,11,1008.3
2016-02-25,19.8,31.9,0,8.0,12.0,NE,24,12:41,26.6,55,3,ESE,2,1016.4,30.0,50,1,NE,11,1013.1
2016-02-24,20.1,32.0,0,8.8,12.0,E,24,14:32,26.0,57,2,ESE,7,1017.9,29.6,46,1,ENE,11,1014.5
2016-02-23,20.5,31.7,0,10.6,12.0,E,35,10:12,27.2,57,6,SE,15,1019.5,29.6,47,3,ESE,11,1016.2
2016-02-22,21.2,31.8,0.2,10.2,12.0,E,41,12:57,27.1,56,4,SE,11,1022.6,29.7,47,5,ESE,15,1019.2
2016-02-21,22.3,31.8,0,8.0,11.9,SE,44,15:31,28.2,59,3,ESE,11,1020.9,30.3,42,2,ESE,17,1019.1
2016-02-20,22.2,32.3,3.6,8.2,11.2,E,28,16:57,27.7,65,5,NW,2,1017.3,30.1,55,1,NE,13,1014.9
2016-02-19,26.0,32.7,0.4,9.6,7.8,NE,28,15:35,27.7,75,7,NE,9,1013.4,30.7,63,6,NE,11,1010.9
2016-02-18,24.6,32.6,0,8.6,11.8,NE,30,20:00,30.0,60,4,NNE,7,1008.6,31.1,57,1,NE,13,1005.2
2016-02-17,24.9,33.8,0,6.6,9.5,E,33,14:40,28.9,63,7,SE,7,1008.1,30.5,57,2,ENE,15,1005.5
2016-02-16,21.3,36.0,0,8.6,11.3,NE,26,16:45,27.8,66,2,WSW,4,1008.9,32.7,51,2,ENE,13,1004.5
2016-02-15,20.9,34.3,0,9.2,12.5,ENE,28,14:09,27.6,60,2,SW,7,1010.1,32.5,49,1,ESE,13,1007.0
2016-02-14,20.3,32.5,0.2,5.4,12.3,E,31,14:16,27.2,56,3,S,9,1008.9,31.1,49,1,E,17,1006.1
2016-02-13,20.5,28.9,0,10.6,2.9,SE,41,16:03,26.8,54,7,S,7,1011.5,27.4,56,7,SE,13,1009.3
2016-02-12,20.8,30.6,0,9.2,11.4,SE,41,14:57,27.4,58,3,SSE,13,1013.2,29.3,49,7,SE,17,1011.4
2016-02-11,20.4,31.0,0,9.8,12.1,E,35,14:06,27.5,60,3,SE,11,1013.1,29.9,49,5,ESE,15,1010.7
2016-02-10,21.7,30.9,0,10.4,7.7,E,37,17:17,26.7,53,6,SSE,11,1014.0,29.3,53,5,ESE,15,1011.0
2016-02-9,20.0,30.4,0,8.2,12.5,SSE,39,10:55,27.4,54,4,SE,11,1015.8,29.4,46,1,ESE,15,1013.3
2016-02-8,19.9,30.9,0.2,8.0,12.2,ESE,30,12:20,26.2,53,2,SSW,9,1015.9,29.5,45,3,SE,13,1012.6
2016-02-7,21.4,28.6,7.8,7.4,3.8,SSE,30,13:16,25.9,64,7,SSW,9,1013.7,26.4,59,7,SE,11,1012.4
2016-02-6,22.1,29.9,1.2,6.0,7.2,SE,43,13:34,25.9,72,6,SE,11,1011.5,27.1,67,7,SE,13,1009.2
2016-02-5,21.7,27.0,,3.6,0.0,ESE,30,18:17,25.8,69,7,S,4,1009.1,26.8,71,8,S,6,1007.8
2016-02-4,24.8,27.4,,6.2,0.0,,,,26.5,80,8,SSE,6,1005.2,26.5,69,8,ESE,9,1005.2
2016-02-3,24.4,34.1,0.2,9.2,7.1,N,30,00:14,29.5,59,7,SSW,6,1004.3,31.3,57,6,NE,9,1000.7
2016-02-2,23.5,36.2,0,6.8,4.8,W,41,17:57,32.1,57,6,E,6,1004.7,35.5,32,8,WNW,11,1001.5
2016-02-1,24.6,35.0,0,7.2,7.5,E,30,14:20,29.7,68,7,NE,7,1008.3,31.6,67,4,ENE,13,1002.4
2016-01-31,23.6,34.0,2.6,3.6,8.4,NNE,33,14:38,29.6,62,6,NNW,7,1010.1,32.8,60,5,NNE,13,1006.1
2016-01-30,23.2,30.8,1.2,6.2,1.2,NNE,24,20:08,29.0,70,7,NNE,7,1007.3,28.1,84,7,NE,7,1005.8
2016-01-29,23.3,35.7,1.8,2.6,6.1,ENE,28,13:38,29.6,69,3,NNE,4,1005.1,29.3,74,7,NE,9,1001.4
2016-01-28,23.2,29.9,0.2,7.0,0.3,NE,22,16:53,25.6,70,8,NNW,6,1010.9,26.9,73,7,NNE,6,1006.5
2016-01-27,20.6,29.4,0.4,4.0,9.5,ENE,22,16:27,26.3,63,6,SSE,4,1015.5,27.3,57,7,ENE,9,1012.0
2016-01-26,23.0,28.5,2.0,7.0,2.6,ESE,28,14:48,25.0,82,7,SSW,4,1014.5,26.0,70,8,E,15,1013.7
2016-01-25,21.9,30.8,0,8.6,6.6,ENE,30,16:01,27.1,70,7,E,6,1013.6,28.6,61,7,ENE,17,1010.4
2016-01-24,21.1,31.8,10.2,3.0,9.1,E,31,16:03,28.0,64,7,SSE,7,1010.9,29.1,57,4,E,17,1008.6
2016-01-23,23.2,30.1,0,10.0,2.5,WSW,26,21:17,27.8,56,7,N,6,1008.9,27.8,69,8,ENE,6,1006.3
2016-01-22,21.3,32.7,0,10.8,11.7,NE,28,15:22,27.8,48,5,NW,6,1014.7,30.3,52,6,NE,11,1010.5
2016-01-21,21.7,30.7,0,8.0,12.9,NE,28,17:47,27.6,50,3,NNE,7,1016.8,29.5,51,3,NE,13,1013.6
2016-01-20,19.3,30.5,0,8.0,12.8,NE,30,16:25,27.2,52,3,NE,6,1018.3,29.2,48,1,NNE,9,1014.6
2016-01-19,18.4,29.9,0,9.2,12.7,ENE,24,16:28,25.4,54,4,WNW,4,1019.3,28.5,49,6,NE,11,1015.4
2016-01-18,19.7,28.6,0,9.0,12.4,E,26,14:14,25.6,47,6,SSE,9,1018.8,26.8,45,3,E,13,1016.2
2016-01-17,18.0,28.3,0,6.2,10.1,ESE,35,10:48,26.1,48,5,SE,13,1020.5,26.7,45,4,SE,15,1017.8
2016-01-16,18.7,26.4,1.0,8.8,0.0,ESE,31,15:14,20.1,86,8,SSW,4,1021.1,25.1,53,7,ESE,15,1019.0
2016-01-15,21.9,31.9,0,9.2,10.8,SE,39,18:37,28.5,57,4,SSW,4,1016.3,29.3,58,4,E,19,1013.9
2016-01-14,20.3,31.1,0,7.8,12.7,ENE,24,15:02,27.6,53,2,NNE,6,1018.5,30.0,53,1,NE,9,1015.6
2016-01-13,21.8,30.9,0,6.8,11.3,ENE,22,16:10,28.6,56,1,NNE,6,1018.5,29.7,50,5,ENE,11,1016.9
2016-01-12,22.3,31.4,,8.0,12.7,ENE,24,16:37,28.0,57,2,NE,6,1016.7,30.6,53,1,NE,9,1013.6
2016-01-11,19.9,30.4,0,7.4,13.1,,,,27.1,55,3,ESE,6,1017.5,29.3,49,1,ENE,11,1013.8
2016-01-10,20.6,30.7,0,7.8,10.4,ENE,24,17:07,26.8,60,3,W,4,1019.2,28.5,57,2,E,15,1015.9
2016-01-9,19.4,30.3,0,9.6,12.6,ENE,26,15:57,26.0,57,5,WNW,6,1020.7,28.1,54,1,ENE,13,1017.2
2016-01-8,20.9,29.5,,10.6,12.5,,,,25.6,45,5,SE,6,1018.9,27.4,48,1,ENE,13,1016.7
2016-01-7,21.6,30.0,,8.0,13.0,NE,28,16:29,27.7,52,3,E,7,1010.4,29.1,53,2,ENE,13,1009.6
2016-01-6,20.8,32.5,,0.6,13.3,,,,27.2,61,1,SW,9,1006.2,32.1,41,1,W,13,1004.1
2016-01-5,20.6,,23.2,4.4,0.0,,,,20.9,95,8,E,9,1010.9,21.4,94,8, ,Calm,1007.9
2016-01-4,18.5,26.8,8.8,4.0,0.5,ENE,19,15:31,23.5,69,7,SSW,6,1012.6,25.9,69,8,ENE,9,1009.7
2016-01-3,21.0,28.0,0,8.8,0.9,SE,24,18:20,23.8,64,7,S,2,1011.6,26.4,55,7,E,11,1009.5
2016-01-2,18.5,30.1,0,8.8,11.9,ENE,28,16:17,25.7,46,1,SE,6,1011.6,28.3,43,4,ENE,13,1007.8
2016-01-1,19.1,30.8,0,10.4,11.5,ESE,30,16:05,25.8,46,4,SSE,7,1013.4,28.2,46,1,E,13,1009.7
2015-11-30,20.6,31.8,16.6,11.0,10.3,NE,28,15:17,29.0,63,3,NNE,7,1012.7,29.9,65,6,NE,11,1009.8
2015-11-29,24.1,31.0,0.2,6.7,8.7,WNW,57,17:29,29.7,58,3,NNE,7,1013.6,29.0,64,6,NE,15,1009.1
2015-11-28,23.1,30.4,0,8.2,7.3,E,24,15:27,27.4,62,6,NNW,4,1014.5,29.4,65,5,NE,11,1012.4
2015-11-27,23.5,31.1,0,8.6,10.1,E,35,09:43,28.1,59,3,E,15,1012.1,29.8,57,3,ENE,11,1010.1
2015-11-26,21.6,31.8,0,8.4,12.1,NE,31,13:38,28.2,56,1,N,6,1013.4,29.7,62,2,NNE,13,1008.3
2015-11-25,23.3,31.0,0,9.6,12.4,NE,24,17:49,27.7,60,4,N,6,1016.1,29.7,54,1,NE,9,1012.2
2015-11-24,20.2,30.5,0,7.8,11.1,E,24,15:31,28.1,59,3,E,6,1014.7,28.2,62,5,E,13,1012.4
2015-11-23,22.0,29.9,0,3.8,11.6,NE,31,15:21,27.5,59,3,ENE,7,1014.6,28.4,59,1,NE,13,1010.7
2015-11-22,22.4,28.4,0,9.0,1.8,SE,31,00:11,24.6,71,8,E,13,1017.9,24.5,73,8,ESE,9,1015.1
2015-11-21,19.9,33.3,0,9.2,12.2,ESE,41,21:37,29.6,39,0,ENE,6,1015.5,30.3,54,0,ENE,13,1011.2
2015-11-20,18.7,30.9,0,8.0,12.7,NE,26,13:26,30.1,48,0,ENE,7,1017.5,29.9,46,1,NNE,11,1014.0
2015-11-19,17.2,33.4,0,7.0,11.9,ENE,22,15:50,26.8,54,0,N,2,1018.0,30.2,53,1,ENE,11,1014.1
2015-11-18,16.1,28.2,0,7.6,13.0,N,22,11:12,24.1,53,2,NE,4,1020.1,27.4,48,1,NNE,7,1016.5
2015-11-17,16.5,26.0,0.6,7.0,12.6,E,28,11:57,23.8,55,5,SE,7,1019.5,23.9,51,2,NE,11,1017.6
2015-11-16,17.9,27.0,0.2,6.4,9.8,ESE,35,17:17,24.6,47,4,SSE,9,1016.0,24.7,54,7,E,13,1013.7
2015-11-15,19.7,27.3,10.6,3.6,8.8,SE,41,17:03,24.5,65,7,SSW,9,1010.9,25.9,54,5,SE,19,1009.5
2015-11-14,19.8,26.7,1.0,7.0,3.2,N,24,19:10,22.7,81,7,S,4,1012.9,23.8,80,7,NNE,4,1006.8
2015-11-13,19.0,28.1,0,6.6,12.3,NE,28,16:57,24.5,65,5,NE,4,1016.6,27.0,56,1,NE,11,1012.1
2015-11-12,17.2,26.4,0,7.2,7.8,E,26,10:47,24.2,60,7,ESE,11,1021.2,24.6,60,7,ENE,9,1018.1
2015-11-11,17.3,26.5,0,6.4,8.9,ENE,28,12:46,22.1,70,7,SE,7,1019.1,26.0,46,3,E,15,1017.3
2015-11-10,17.0,26.6,0,5.6,11.9,ENE,24,15:25,23.3,59,4,E,2,1016.2,24.8,53,2,ENE,11,1013.0
2015-11-9,18.3,25.9,14.0,3.8,0.4,ESE,39,10:20,21.7,78,7,S,6,1017.1,24.5,55,7,ESE,17,1014.4
2015-11-8,22.1,25.0,0.4,7.8,0.7,SE,28,19:51,23.6,75,8,E,11,1014.5,24.2,71,8,NE,6,1012.4
2015-11-7,19.5,33.3,0,4.0,9.2,SSE,37,17:08,29.2,48,4,NW,6,1011.3,30.0,52,5,ENE,13,1007.6
2015-11-6,19.8,29.3,19.0,7.8,5.5,NNW,26,01:52,25.0,67,7,NE,2,1013.3,26.7,69,3,ENE,13,1008.7
2015-11-5,22.1,29.1,0,5.8,8.8,NE,22,16:46,26.1,63,6,WNW,6,1014.5,27.6,64,7,ENE,11,1010.9
2015-11-4,20.1,29.8,11.6,9.0,9.4,NNE,24,15:53,25.6,72,6,ENE,2,1015.9,27.7,63,3,NNE,7,1011.8
2015-11-3,18.3,30.5,0,8.0,11.5,NE,28,15:58,28.1,51,1,NE,6,1015.4,27.9,57,3,NE,13,1012.8
2015-11-2,18.8,29.5,0,9.0,12.0,ENE,33,12:48,25.8,51,3,WNW,6,1018.4,26.7,61,2,NE,15,1014.0
2015-11-1,16.6,27.0,0,6.6,8.5,NE,26,17:27,23.6,56,7,NW,7,1020.6,24.9,48,7,NE,9,1016.4
2015-10-31,16.2,25.2,0,4.8,11.6,ENE,26,13:06,22.9,54,3,NNE,7,1022.7,23.8,50,2,ENE,13,1019.7
2015-10-30,18.0,24.1,0.2,4.0,5.5,E,24,15:00,22.7,56,7,ESE,6,1023.1,22.7,57,7,ENE,9,1020.8
2015-10-29,17.3,23.1,5.0,3.4,0.4,E,22,13:51,19.9,80,7,SE,6,1022.3,21.6,64,7,ESE,9,1019.9
2015-10-28,17.6,22.3,13.2,7.6,1.3,SE,22,15:31,21.0,74,7,SSE,7,1022.4,20.2,82,8,ESE,7,1019.9
2015-10-27,17.9,30.7,4.8,7.4,10.5,ESE,37,15:11,25.9,53,1,NW,4,1018.5,26.2,62,4,SE,17,1016.7
2015-10-26,17.9,28.4,0,6.2,10.2,NE,33,15:45,24.2,62,3,WNW,7,1021.5,24.7,68,4,NE,15,1017.0
2015-10-25,18.4,25.4,1.2,4.0,6.5,ENE,24,14:00,23.1,62,7,NNE,4,1024.2,24.1,59,6,NE,9,1020.9
2015-10-24,17.4,24.3,0,7.6,2.8,ESE,22,18:22,22.7,61,7,ESE,9,1023.2,22.0,67,7,ESE,9,1020.4
2015-10-23,18.9,27.3,20.8,7.4,10.7,ESE,33,15:29,23.6,69,1,S,4,1017.3,26.1,50,1,ESE,17,1015.2
2015-10-22,16.6,29.3,0,9.0,6.9,W,65,16:24,25.6,52,3,NE,9,1014.8,25.8,63,4,NE,13,1008.5
2015-10-21,15.5,27.2,0,5.6,12.1,ENE,31,14:26,24.1,55,1,ENE,6,1020.5,25.7,46,1,NE,13,1015.9
2015-10-20,14.4,26.8,0,7.4,12.0,ENE,24,14:03,23.8,58,3,W,4,1024.4,25.1,52,2,ENE,13,1020.9
2015-10-19,15.2,26.5,0,7.4,11.2,ENE,30,11:28,23.9,61,4,E,7,1026.0,25.0,50,3,ESE,15,1022.8
2015-10-18,17.3,27.1,0,5.8,11.2,E,35,15:04,24.2,55,6,E,7,1025.7,25.8,51,2,E,15,1023.5
2015-10-17,16.3,27.6,0,6.8,10.8,ENE,24,16:18,23.3,59,3,W,6,1024.7,26.3,49,1,ENE,13,1021.4
2015-10-16,16.9,26.6,0,6.8,11.8,ENE,26,15:15,24.1,58,3,SE,9,1025.0,25.5,54,4,ENE,13,1022.0
2015-10-15,17.6,26.9,4.4,3.2,10.2,E,28,14:26,24.5,60,4,ESE,7,1025.4,25.7,51,2,ENE,11,1021.8
2015-10-14,18.5,27.3,0.2,6.4,7.3,NE,26,15:45,20.9,79,7, ,Calm,1024.7,25.7,54,3,ENE,13,1021.0
2015-10-13,16.6,28.0,0,7.6,9.1,E,30,17:14,25.3,53,1,NE,6,1020.8,24.6,65,7,NE,13,1017.5
2015-10-12,15.1,27.4,0,7.2,11.4,NE,31,16:52,23.8,51,1,NNW,9,1023.5,25.6,53,1,NE,13,1018.3
2015-10-11,14.7,25.9,0,7.2,11.3,ENE,26,11:22,23.1,48,3,NNE,6,1026.5,24.6,48,1,NE,11,1022.1
2015-10-10,17.2,25.6,0.2,4.6,9.6,E,26,13:40,22.6,52,5,ESE,13,1029.8,23.8,48,3,ENE,9,1026.3
2015-10-9,18.5,25.1,5.8,6.6,2.6,ESE,33,13:28,20.8,73,7,SE,15,1032.1,23.0,60,5,E,15,1028.7
2015-10-8,17.2,25.7,0,6.4,5.8,SE,39,13:01,23.3,59,6,SE,11,1032.0,23.6,61,7,SE,13,1029.2
2015-10-7,14.6,28.3,0,6.2,11.4,NE,20,15:33,23.9,58,1,NNE,4,1027.0,27.1,48,0,ENE,7,1024.2
2015-10-6,12.9,30.7,0,7.2,10.0,ENE,20,14:35,23.9,51,0,WNW,4,1027.0,29.8,21,0,NE,9,1023.3
2015-10-5,13.3,33.8,0,6.0,11.4,ENE,20,13:15,24.9,45,0,SW,6,1026.7,31.4,17,0,NE,7,1022.9
2015-10-4,14.2,29.0,0,7.4,11.3,NE,17,13:35,22.3,64,0,WSW,4,1029.3,27.7,40,0,NE,7,1024.9
2015-10-3,15.8,27.8,0,6.8,11.6,E,26,11:43,23.6,55,1,SSE,9,1032.7,26.0,41,1,E,13,1028.2
2015-10-2,14.8,29.3,0,5.0,11.3,ENE,26,16:17,22.3,64,1,SW,4,1031.1,28.3,21,1,ENE,9,1028.3
2015-10-1,14.0,27.7,0,5.0,10.8,ENE,22,13:12,22.6,53,0,NE,2,1026.9,25.7,46,2,ENE,11,1024.0
2015-09-30,12.0,26.6,7.8,6.4,10.8,NE,26,14:13,21.7,59,0,NE,4,1023.0,24.2,57,3,NE,15,1019.3
2015-09-29,13.1,25.7,0,4.0,8.2,WNW,31,14:51,22.1,61,1,S,2,1021.8,16.2,73,7,NW,6,1018.2
2015-09-28,11.8,24.8,12.2,4.4,10.5,NE,22,16:32,18.5,68,3,SSW,6,1021.4,24.0,51,1,NE,7,1016.7
2015-09-27,12.4,24.1,0.4,5.4,8.4,E,24,13:15,19.7,57,2,SW,6,1022.2,15.8,90,5,ENE,7,1018.8
2015-09-26,13.7,23.1,0,3.6,8.1,ESE,35,13:14,20.6,53,3,S,9,1022.9,20.4,55,5,SSE,13,1019.5
2015-09-25,9.4,23.4,0.2,6.8,6.9,S,26,11:15,18.7,51,2,WSW,9,1022.8,22.6,39,4,S,6,1019.3
2015-09-24,11.1,23.1,0.6,5.4,11.2,E,28,15:04,17.4,39,1,SSW,7,1022.0,20.6,41,1,ENE,20,1017.8
2015-09-23,14.7,23.5,0,6.0,7.6,ENE,28,14:30,19.1,51,2,WSW,9,1019.0,18.9,57,5,ESE,11,1016.7
2015-09-22,13.5,29.4,0,5.4,10.3,WNW,28,15:39,21.7,60,0,WNW,2,1018.2,27.8,27,5,W,7,1012.9
2015-09-21,14.2,24.3,1.6,5.2,10.8,E,24,13:35,20.8,59,2,S,7,1021.0,22.1,56,2,E,9,1017.5
2015-09-20,13.4,23.3,0,5.6,9.0,SSE,31,18:06,20.3,58,2,SSW,7,1020.7,21.0,60,5,SSE,9,1017.3
2015-09-19,13.0,24.0,0.6,4.4,9.0,SSE,33,10:54,20.5,53,3,S,7,1021.7,22.4,48,7,E,19,1018.3
2015-09-18,12.5,22.8,18.0,0.8,7.3,SSE,37,14:37,18.1,56,1,S,13,1018.3,17.4,80,7,S,13,1018.4
2015-09-17,16.4,19.9,10.2,6.6,0.2,E,28,17:32,18.0,91,8, ,Calm,1017.3,19.0,86,7,ENE,9,1013.5
2015-09-16,13.0,27.4,0,5.0,10.4,WSW,26,19:34,21.1,65,1,NW,2,1019.7,25.7,54,2,ENE,11,1014.6
2015-09-15,13.4,25.6,0,4.6,10.8,NE,24,14:30,21.1,64,2,WSW,4,1023.2,23.5,56,1,NE,11,1018.3
2015-09-14,12.7,25.4,0,5.2,8.3,NE,24,15:53,19.4,62,5,SSW,4,1026.9,23.8,52,5,NE,11,1023.0
2015-09-13,13.2,25.4,0,5.0,9.4,E,28,15:24,20.0,62,3,WSW,4,1028.1,23.6,49,3,ESE,11,1024.6
2015-09-12,15.7,24.5,0,3.4,7.1,ESE,31,12:15,20.8,52,6,SSW,4,1029.3,23.7,42,4,ESE,9,1025.1
2015-09-11,13.3,21.6,0,6.2,1.9,SE,35,11:34,19.2,60,7,SW,6,1030.2,19.6,67,7,ESE,11,1027.8
2015-09-10,11.0,25.0,0,5.2,10.8,E,37,17:01,19.1,54,1,SW,6,1027.6,22.1,47,2,E,13,1025.1
2015-09-9,10.7,25.6,0,6.6,10.8,WNW,28,12:00,18.9,36,0,WSW,7,1022.6,25.2,21,0,W,6,1018.6
2015-09-8,14.8,28.1,0,5.0,9.5,W,31,15:52,21.9,54,3,NNW,6,1020.3,27.3,38,4,NW,6,1014.6
2015-09-7,13.8,25.5,0,4.0,8.6,NE,26,12:56,21.0,68,3,NE,2,1023.1,22.3,65,3,NE,11,1019.3
2015-09-6,13.4,24.0,0,4.2,6.1,NNE,19,16:03,19.2,69,6,W,6,1023.9,23.2,53,6,NE,7,1019.5
2015-09-5,12.0,23.6,0,6.8,9.3,E,22,12:57,19.4,61,1,SSW,6,1022.7,21.3,53,3,ESE,11,1018.8
2015-09-4,12.7,24.9,0.2,8.2,9.8,W,26,00:20,18.6,45,1,WSW,9,1018.4,22.7,44,3,NNE,7,1016.6
2015-09-3,16.3,25.3,2.4,3.0,7.6,WNW,48,16:40,19.7,85,7,N,6,1011.6,25.3,21,1,W,19,1008.6
2015-09-2,7.2,25.1,,4.4,11.6,,,,17.7,38,4,SW,4,1019.9,24.0,26,1,NNE,9,1015.0
2015-09-1,9.3,25.1,0,4.0,11.6,,,,17.5,45,0,WSW,7,1017.6,24.6,17,0,W,15,1013.0
2015-08-31,11.3,23.7,0.2,10.0,11.1,W,26,14:14,17.8,44,1,WSW,7,1016.9,22.9,25,1,W,11,1013.0
2015-08-30,14.1,23.2,13.6,5.6,9.2,W,33,13:58,18.1,59,4,W,7,1017.9,22.3,29,1,W,15,1013.6
2015-08-29,11.9,22.9,0.2,4.0,5.2,ENE,19,15:13,17.4,58,7,SW,6,1023.4,21.0,54,7,ENE,7,1018.5
2015-08-28,14.8,24.7,5.0,1.6,6.1,W,19,13:51,17.5,84,7,WSW,4,1022.4,24.4,44,1,SE,4,1018.5
2015-08-27,16.2,23.9,0,4.0,0.3,SW,30,14:16,18.9,52,7,SSW,2,1021.8,16.9,74,8,SW,7,1019.9
2015-08-26,15.7,28.5,0,5.2,10.2,W,20,14:36,21.7,44,3,WSW,9,1021.1,28.1,36,2,NW,9,1017.1
2015-08-25,16.8,29.1,2.2,4.6,9.9,W,28,12:32,21.9,75,1,W,6,1019.2,27.2,55,2,ENE,4,1016.0
2015-08-24,17.1,25.3,0,2.4,8.2,NE,20,16:45,22.6,65,2,N,6,1021.6,23.4,67,6,NE,9,1017.0
2015-08-23,16.0,24.1,0,1.2,7.4,NNE,26,14:52,19.3,87,7, ,Calm,1024.3,22.7,68,4,NNE,11,1020.5
2015-08-22,16.9,24.5,2.2,4.0,9.5,E,20,14:44,19.7,83,5,SSW,4,1025.8,23.5,64,3,NNE,9,1021.6
2015-08-21,15.3,22.4,0.4,3.0,2.6,SE,31,12:22,18.5,76,7,S,2,1026.6,18.7,77,8,ENE,13,1024.1
2015-08-20,11.4,22.1,0,4.4,6.3,E,28,12:38,17.5,65,2,SW,6,1027.2,20.6,53,6,E,11,1024.4
2015-08-19,10.0,22.8,0,4.8,10.0,SSE,20,10:41,15.6,60,2,SW,6,1024.9,20.5,48,2,E,9,1022.4
2015-08-18,10.3,24.2,0,3.2,10.5,E,19,15:12,17.0,53,0,SW,7,1020.6,22.1,37,1,ENE,9,1017.5
2015-08-17,11.3,23.4,0,2.8,10.3,NE,20,16:09,17.0,73,1,WSW,6,1020.6,21.9,49,3,N,6,1015.5
2015-08-16,10.7,21.7,0,3.8,4.3,SE,22,13:21,16.4,66,5,SW,9,1026.2,19.5,62,7,SE,7,1022.4
2015-08-15,8.0,22.6,0,4.0,9.1,ENE,20,14:30,13.4,62,4,SW,6,1028.1,19.9,56,2,ENE,7,1025.1
2015-08-14,8.4,23.0,0,6.8,10.2,SW,17,08:57,15.3,48,0,SW,7,1025.2,22.4,27,0,SSE,4,1022.1
2015-08-13,12.3,22.3,3.6,7.0,10.5,W,39,00:42,15.4,39,0,WSW,15,1018.0,21.8,23,0,WSW,15,1016.4
2015-08-12,11.8,28.4,0.2,4.0,7.8,W,46,13:49,18.3,69,3,ESE,2,1013.8,24.4,47,3,NNW,7,1007.3
2015-08-11,8.6,26.4,0,2.4,10.1,NE,20,15:47,14.6,62,0,SSW,4,1019.5,23.3,52,1,NNE,7,1015.0
2015-08-10,9.3,23.0,0,2.8,10.0,ENE,19,15:07,15.4,72,1,WSW,4,1021.4,21.6,55,1,NE,9,1016.2
2015-08-9,7.8,22.5,0,4.4,10.2,ENE,20,15:13,14.5,63,1,SW,6,1023.5,20.9,48,1,ENE,9,1019.2
2015-08-8,7.5,22.1,0,3.4,10.1,ENE,19,15:22,13.2,56,0,SSW,6,1022.8,20.4,33,2,ENE,7,1018.9
2015-08-7,7.7,21.4,0,3.2,9.7,SW,24,09:38,14.3,47,0,WSW,9,1022.4,20.0,32,3,SSE,2,1019.5
2015-08-6,6.1,21.1,0,5.6,10.2,WSW,26,10:05,14.2,46,0,WSW,9,1018.0,20.5,27,1,W,6,1014.8
2015-08-5,7.9,19.1,0,5.6,10.3,WNW,33,13:23,12.2,44,0,WSW,9,1017.2,18.6,29,0,W,15,1013.1
2015-08-4,13.5,21.8,0,3.8,6.8,W,30,23:24,16.9,47,4,SW,6,1019.6,20.0,52,5,S,6,1016.7
2015-08-3,10.6,26.7,0,3.6,9.8,WSW,26,23:27,18.6,71,2,WSW,6,1019.5,25.1,54,1,ENE,9,1014.3
2015-08-2,10.0,25.7,0,4.0,10.1,N,22,13:43,15.6,68,0,SSW,4,1023.5,23.6,56,1,NE,9,1018.8
2015-08-1,9.1,23.6,0,3.0,10.0,ENE,19,14:47,14.5,63,0,WSW,4,1024.4,22.2,49,1,ENE,9,1020.8
2015-07-31,9.7,24.1,0,3.0,10.2,W,24,10:57,13.6,81,1,SSW,4,1024.5,23.5,35,0,W,7,1020.1
2015-07-30,10.2,22.8,0,4.0,10.1,SW,19,09:32,15.2,60,1,SW,7,1028.5,21.9,48,1,ENE,6,1024.0
2015-07-29,7.8,21.7,0,4.6,10.0,WSW,19,10:02,14.0,54,1,SW,7,1032.4,20.8,32,1,SSE,7,1027.9
2015-07-28,10.0,21.4,0,4.8,9.1,ESE,22,16:11,14.8,51,3,SW,7,1030.2,21.3,36,2,S,4,1027.6
2015-07-27,13.5,22.9,0,3.6,9.2,W,24,10:18,18.2,53,1,WNW,11,1024.6,21.9,35,5,W,11,1021.6
2015-07-26,13.1,25.1,0.2,1.6,6.0,W,26,14:56,17.2,79,6,WSW,2,1021.6,23.8,64,7,WSW,11,1017.7
2015-07-25,16.5,24.3,0,2.4,4.1,W,22,13:26,17.6,76,7,WSW,6,1022.2,24.1,52,1,W,6,1018.8
2015-07-24,14.1,24.4,0,1.6,6.6,W,24,23:31,17.0,97,7,SW,4,1022.7,23.7,65,5,NE,9,1017.7
2015-07-23,12.9,23.1,4.4,0.4,8.1,E,17,14:41,17.6,86,4,S,4,1025.6,21.5,70,2,E,7,1022.0
2015-07-22,10.1,18.7,2.8,3.0,0.0,ESE,19,13:33,13.3,86,8,SW,2,1029.6,17.7,92,8,ESE,4,1025.4
2015-07-21,10.6,21.6,0.2,4.0,6.6,ENE,31,13:13,15.3,77,7,WSW,6,1031.0,19.7,58,7,E,15,1028.5
2015-07-20,11.7,20.9,0,2.8,7.3,E,35,16:44,14.4,74,7,WSW,6,1030.4,19.7,53,1,ESE,13,1027.8
2015-07-19,8.2,19.3,0,3.2,5.1,ESE,26,12:38,13.9,63,4,SW,9,1028.2,18.4,60,6,SSE,7,1025.4
2015-07-18,6.9,19.4,0,5.0,10.0,WSW,22,10:42,11.9,52,0,WSW,9,1023.4,18.9,37,1,NE,2,1022.2
2015-07-17,6.9,16.1,0,3.2,9.7,W,56,10:55,10.1,57,1,W,19,1018.2,14.3,48,1,W,20,1015.8
2015-07-16,7.6,17.4,0,2.6,5.2,W,19,12:51,10.5,80,7,SSW,4,1019.6,16.1,49,7,WNW,7,1015.3
2015-07-15,5.4,18.2,0,3.8,3.2,SW,11,10:13,11.1,66,7,SW,4,1020.2,16.7,45,6,SE,4,1016.8
2015-07-14,10.2,19.2,0,7.4,10.0,WSW,41,00:28,13.3,49,1,W,9,1018.0,18.4,37,1,W,19,1014.2
2015-07-13,8.4,18.2,0.2,6.8,9.7,WNW,48,11:13,12.9,49,1,W,13,1015.9,16.8,42,2,W,22,1012.3
2015-07-12,12.2,18.3,0.6,2.8,9.9,W,54,03:27,13.0,50,1,WSW,19,1015.4,17.8,28,0,W,19,1011.3
2015-07-11,11.4,21.2,0.4,1.8,7.7,NNW,24,22:39,13.7,92,6,SSW,4,1019.7,20.2,72,6,NE,7,1013.9
2015-07-10,9.7,20.2,0.2,2.2,1.6,NE,24,16:08,14.8,74,5,SW,6,1025.9,17.9,73,7,ENE,7,1021.4
2015-07-9,11.9,19.4,0,2.0,5.4,SE,24,10:59,15.6,71,2,WSW,6,1028.1,18.2,62,6,ESE,7,1025.5
2015-07-8,7.0,20.4,0,5.0,6.8,SSE,24,13:04,14.7,61,1,SSW,6,1024.2,18.7,56,7,SE,9,1023.1
2015-07-7,10.2,23.0,0,2.8,10.0,W,20,11:15,16.9,56,0,SSW,4,1018.6,22.6,24,0,S,6,1016.5
2015-07-6,9.3,24.1,0,2.4,9.8,WNW,19,15:16,14.4,72,1,WSW,4,1020.0,23.6,41,1,WNW,7,1015.3
2015-07-5,9.7,22.8,0,2.8,9.7,W,20,14:26,14.7,80,2,WSW,6,1023.1,22.0,37,1,WNW,9,1019.6
2015-07-4,9.9,21.3,0,3.4,6.8,SSW,17,10:13,14.5,67,3,WSW,6,1024.3,20.8,50,1,WNW,6,1020.7
2015-07-3,7.8,20.7,0,4.4,9.5,W,26,00:19,12.8,53,0,SW,9,1023.2,20.5,39,2,SSW,6,1021.0
2015-07-2,12.2,19.6,0,1.2,8.7,W,33,14:57,16.5,66,1,WSW,6,1022.4,19.4,32,4,W,13,1018.1
2015-07-1,12.4,23.3,0.2,2.8,7.4,WNW,17,14:17,15.8,86,7,SW,4,1024.5,22.7,53,3,W,7,1020.5
2015-06-30,14.2,23.1,4.0,1.4,8.3,SSW,19,09:54,16.9,83,1,SW,6,1028.0,21.7,56,3,NE,6,1023.9
2015-06-29,15.4,18.4,7.0,2.2,0.0,SSE,24,12:12,16.3,95,8,SW,2,1031.4,17.8,86,7,SSE,6,1028.5
2015-06-28,14.6,22.2,2.4,2.4,4.6,NE,22,11:39,17.7,85,2,SW,4,1030.8,21.0,71,6,E,7,1027.8
2015-06-27,14.9,22.6,0,3.2,6.8,SE,20,14:03,18.3,66,4,SW,7,1030.6,20.7,68,5,S,9,1027.6
2015-06-26,12.6,22.7,0.2,2.2,6.8,SSE,31,12:15,17.8,73,2,SSW,6,1026.2,21.3,60,3,SE,11,1025.1
2015-06-25,11.2,19.6,0,1.0,1.9,W,19,12:17,13.2,96,7,SW,7,1022.2,18.6,71,7,WSW,7,1019.9
2015-06-24,12.5,19.6,0,1.4,1.5,SSE,17,10:44,15.4,84,8,SW,4,1025.6,19.1,66,7,ESE,4,1022.0
2015-06-23,12.2,20.6,0,2.2,2.4,W,15,10:58,14.7,83,7,W,6,1027.7,20.1,64,7,S,2,1025.1
2015-06-22,12.6,20.5,0,3.8,3.0,SSE,17,12:21,15.6,71,5,SW,4,1028.2,19.6,61,7,ESE,7,1026.0
2015-06-21,10.0,21.1,0,3.2,9.5,ESE,20,14:44,14.7,63,1,SW,7,1025.5,20.6,46,1,SE,7,1023.3
2015-06-20,9.2,20.9,0,4.6,9.2,SW,20,09:46,14.9,65,1,SW,7,1020.5,19.4,44,2,SW,6,1018.3
2015-06-19,10.4,21.6,0,2.6,9.2,W,35,13:57,16.9,62,2,WSW,9,1017.1,21.3,39,4,WSW,11,1014.0
2015-06-18,12.0,22.7,2.4,1.0,7.8,WNW,26,15:20,14.2,98,3,SW,2,1017.2,22.4,48,1,WNW,11,1014.0
2015-06-17,16.3,21.0,3.4,1.2,0.2,W,19,13:35,19.2,92,8,NE,4,1017.2,17.7,85,8, ,Calm,1014.7
2015-06-16,16.0,21.5,1.0,2.0,0.3,S,15,00:01,17.4,92,8,SW,4,1023.0,21.3,79,7, ,Calm,1018.8
2015-06-15,16.0,23.2,4.0,0.8,6.5,ESE,24,12:42,17.6,91,7,SSW,6,1025.6,22.1,60,2,SE,7,1022.5
2015-06-14,15.6,22.2,4.2,3.4,4.0,ESE,22,12:01,16.6,92,8,W,4,1026.8,21.2,67,7,SSE,9,1023.2
2015-06-13,14.2,21.4,1.2,0.6,4.3,ESE,31,11:18,17.7,85,7,WSW,4,1028.1,19.4,76,7,SE,13,1025.0
2015-06-12,13.4,20.1,4.6,3.4,5.5,SE,28,13:46,16.6,75,7,SSW,7,1030.6,19.0,69,7,SE,9,1026.9
2015-06-11,15.1,21.8,0,7.4,2.9,SE,35,15:03,20.9,69,4,SSE,11,1029.6,18.5,79,7,SE,13,1028.2
2015-06-10,12.7,24.2,0,1.0,6.1,SE,26,19:12,17.2,76,5,SW,7,1026.1,22.6,53,7,ESE,11,1024.4
2015-06-9,11.7,24.2,0,3.4,3.5,SW,17,09:07,16.6,74,7,SW,7,1025.7,23.0,51,7,W,4,1022.7
2015-06-8,11.8,24.5,0.2,3.8,9.1,ENE,15,15:59,17.1,71,1,SW,6,1028.0,21.1,56,6,NE,6,1024.2
2015-06-7,12.3,22.8,0,3.0,8.5,SSE,26,13:09,17.5,69,3,SSW,6,1028.4,21.6,53,3,SSE,9,1026.1
2015-06-6,9.7,22.1,0,5.8,7.9,WSW,28,10:47,16.0,53,1,SW,9,1022.6,21.0,56,4,SW,9,1022.4
2015-06-5,7.0,21.4,0,2.4,10.3,W,31,16:25,16.1,45,0,WSW,6,1019.4,20.5,30,1,WNW,13,1015.6
2015-06-4,7.4,22.3,0,2.0,9.8,SSW,17,14:23,13.4,67,1,SSW,4,1022.5,21.5,45,1,WSW,7,1018.5
2015-06-3,7.0,19.7,0,3.0,6.0,SSW,15,06:52,12.7,63,7,SW,6,1022.9,18.6,45,7,SW,6,1019.2
2015-06-2,9.0,19.5,0,5.2,10.1,WSW,20,10:23,14.1,56,0,WSW,6,1022.6,19.0,42,1,WSW,6,1019.2
2015-06-1,18.2,20.5,0,2.8,0.0,WNW,30,14:39,19.2,68,7,W,11,1016.8,19.2,50,7,W,13,1014.6
2015-05-31,16.1,26.1,0,2.2,3.3,NNW,15,17:17,20.2,81,6, ,Calm,1018.5,25.3,63,7,WSW,4,1013.8
2015-05-30,15.3,27.6,0,2.2,9.5,NNE,15,20:46,18.3,84,6,SW,2,1023.0,25.4,55,6,NE,2,1018.1
2015-05-29,13.1,25.5,0,3.0,9.7,NE,15,16:20,17.6,81,5,WSW,6,1024.8,25.2,59,5,SE,2,1021.2
2015-05-28,13.0,25.1,0,1.8,9.9,W,15,10:28,16.7,84,1,WSW,4,1025.1,24.4,49,2, ,Calm,1021.7
2015-05-27,13.2,24.3,,2.6,8.3,SW,17,08:47,17.8,73,5,SW,7,1025.6,21.9,64,6,NE,2,1021.6
2015-05-26,12.7,,0,3.6,5.8,,,,17.4,73,6,SSW,4,1028.6,21.8,59,7,E,4,1024.2
2015-05-25,12.7,23.5,0,4.6,9.3,SSE,20,11:18,18.3,69,1,SW,4,1030.9,22.2,49,7,ESE,11,1027.6
2015-05-24,13.7,23.6,0,5.0,9.6,SSE,24,11:01,18.3,65,1,SSW,7,1028.4,22.3,53,1,ESE,9,1026.7
2015-05-23,14.0,22.8,0,6.8,8.9,ESE,35,12:05,18.7,56,1,SW,9,1023.2,21.5,43,2,SE,13,1023.0
2015-05-22,15.4,19.9,1.4,2.8,9.9,W,46,13:40,17.2,56,2,W,13,1017.6,19.3,45,1,W,17,1014.8
2015-05-21,17.2,25.2,0.2,3.0,4.4,SW,22,13:46,20.1,89,7,NE,2,1018.9,22.3,71,7,W,9,1016.0
2015-05-20,15.9,26.8,0,0.6,9.2,ENE,15,15:40,20.0,83,2,SW,6,1020.9,,,2,ENE,6,1017.3
2015-05-19,15.9,22.7,0.8,3.2,2.9,SSW,13,08:55,19.3,78,6,S,6,1022.6,21.7,77,6,N,2,1018.9
2015-05-18,16.9,22.9,6.6,2.2,6.2,SE,31,14:57,18.7,89,6,SSW,7,1027.7,20.2,76,5,ESE,15,1024.9
2015-05-17,14.9,23.0,1.0,3.8,5.2,SSE,28,14:50,19.7,76,4,W,7,1030.1,21.8,57,7,ESE,13,1027.4
2015-05-16,14.2,24.0,0,4.0,7.6,SE,35,13:58,20.1,65,1,SSW,7,1029.3,20.6,67,6,SE,17,1027.8
2015-05-15,8.1,24.1,0,4.8,9.5,W,20,11:09,16.2,49,1,SW,6,1027.4,22.6,44,1,ESE,7,1024.9
2015-05-14,9.7,20.9,0,8.0,10.3,W,24,00:30,13.6,39,0,WSW,11,1023.9,20.6,30,0,NW,4,1022.4
2015-05-13,9.8,24.9,0,3.0,10.2,W,30,12:40,19.5,52,0,W,6,1016.2,24.9,36,1,W,9,1012.9
2015-05-12,12.7,25.9,0,5.6,,W,19,10:22,20.0,50,0,WSW,6,1017.8,25.7,43,1,NNW,2,1014.2
2015-05-11,10.3,26.0,0,5.2,10.2,WNW,39,12:42,19.9,41,0,W,9,1016.3,25.3,33,0,W,15,1012.7
2015-05-10,9.9,25.1,0,4.8,10.3,WNW,22,15:02,18.0,50,0,SW,6,1017.4,24.5,29,0,WNW,11,1013.0
2015-05-9,11.7,23.7,0,4.0,10.3,W,20,12:00,17.6,60,1,SW,6,1018.9,23.4,34,0,WNW,9,1015.2
2015-05-8,12.6,24.4,,4.6,10.0,WSW,20,11:01,17.7,46,1,SW,7,1019.2,23.6,36,1,W,6,1015.8
2015-05-7,14.4,26.1,0,4.8,9.5,,,,19.7,43,1,SW,7,1017.4,25.4,44,1,W,7,1014.4
2015-05-6,16.3,29.6,,3.8,10.2,WSW,17,12:12,21.2,73,0,SSW,4,1014.7,29.3,40,0,WSW,6,1012.3
2015-05-5,16.7,,0,2.8,10.1,,,,21.7,74,0,SW,6,1014.3,27.2,58,1,NE,6,1009.9
2015-05-4,15.8,27.3,0,3.4,10.1,W,17,12:55,20.3,79,0,WSW,6,1014.3,26.6,49,1,NE,6,1011.4
2015-05-3,16.7,24.2,0,3.4,7.0,W,24,10:50,20.6,69,7,SSE,4,1012.4,22.7,64,7,W,13,1010.0
2015-05-2,16.6,24.9,182.6,1.6,9.5,SSW,19,12:12,19.8,71,1,WNW,6,1013.0,24.4,58,1,WSW,7,1010.0
2015-05-1,16.2,21.0,56.2,3.4,0.0,S,33,18:12,17.9,95,8,SE,9,1017.2,17.5,95,8,SSW,13,1009.5
2015-04-30,16.6,18.0,7.8,4.2,0.0,SSE,22,02:10,17.3,90,8,SW,4,1026.4,17.1,91,8,SSW,6,1022.2
2015-04-29,14.4,23.6,,5.8,4.5,ESE,30,11:17,20.2,64,4,S,7,1026.4,22.2,58,7,ESE,13,1023.5
2015-04-28,,25.2,0,3.8,10.6,,,,19.4,61,1,SW,7,1022.9,23.8,44,1,ESE,11,1020.0
2015-04-27,11.1,25.2,0,7.2,10.9,SW,20,10:07,19.1,51,0,SW,6,1018.3,,,1,W,7,1015.8
2015-04-26,16.7,23.4,0,8.0,11.0,W,50,12:35,19.3,42,0,WSW,15,1012.0,22.7,30,1,W,15,1010.7
2015-04-25,15.5,29.4,0,4.0,10.7,NNW,17,20:37,20.9,66,1,WSW,4,1011.3,29.2,29,1, ,Calm,1007.5
2015-04-24,15.6,28.3,0,4.0,9.3,WNW,24,12:22,20.2,70,7,SW,6,1011.2,28.0,44,2,WSW,4,1007.5
2015-04-23,12.8,25.7,0,4.0,11.0,WSW,17,08:50,19.4,61,1,WSW,9,1013.3,25.5,40,1,S,6,1009.3
2015-04-22,12.0,23.8,0.2,3.8,10.8,W,28,11:38,17.5,61,1,W,13,1014.8,23.3,45,1,W,6,1011.2
2015-04-21,14.6,21.3,2.0,2.4,9.4,W,35,09:25,17.1,49,6,W,13,1017.6,19.9,45,1,WSW,15,1014.9
2015-04-20,19.7,21.3,14.6,6.4,0.0,W,26,21:11,20.8,87,7,SSW,4,1018.2,20.6,86,8,SSW,2,1016.3
2015-04-19,19.3,29.0,0.4,4.0,7.1,NNE,19,11:49,22.8,83,6,WSW,4,1019.6,26.9,63,7,N,6,1016.2
2015-04-18,18.6,27.7,3.4,4.6,10.3,ENE,24,15:21,22.5,81,3,SW,4,1023.1,26.3,62,5,ENE,9,1018.8
2015-04-17,17.1,28.0,0,3.4,10.6,E,20,15:15,23.1,73,3,SW,4,1024.6,26.1,58,2,NE,11,1020.5
2015-04-16,16.7,28.2,0.2,4.2,10.8,ESE,20,14:26,22.3,71,1,SW,6,1026.4,26.5,53,1,ENE,9,1022.3
2015-04-15,17.7,26.3,0,4.8,8.3,E,24,13:06,23.2,69,6,SSW,6,1025.5,24.6,63,7,NE,6,1023.0
2015-04-14,16.8,26.6,0,5.2,9.6,SSE,24,10:53,22.0,64,2,SW,6,1022.4,26.6,52,3,E,6,1020.3
2015-04-13,18.4,27.0,0,4.6,9.4,SE,28,17:58,23.3,65,2,SSW,4,1019.9,25.7,53,3,E,11,1017.5
2015-04-12,16.7,28.7,0,5.2,10.4,W,20,11:02,22.3,65,1,SW,6,1018.7,25.6,56,4,NE,7,1014.5
2015-04-11,19.0,26.5,0,6.2,7.9,SSE,26,11:39,21.5,65,7,SSW,7,1019.6,25.6,55,4,ESE,13,1016.4
2015-04-10,16.8,27.2,0,5.2,9.0,E,20,15:46,22.2,55,1,SSW,6,1020.8,25.8,46,6,S,6,1017.6
2015-04-9,14.1,26.9,0,9.0,10.5,ENE,20,16:25,20.5,51,5,SW,7,1019.3,25.6,45,4,NE,7,1016.5
2015-04-8,16.8,26.5,0,6.0,10.8,WSW,33,10:40,21.0,34,3,W,7,1017.4,26.3,28,1,W,11,1014.2
2015-04-7,,28.4,0,5.2,6.4,W,31,11:14,,,7,N,4,1011.1,28.0,56,7,NNW,4,1009.2
2015-04-6,17.2,,0,5.8,9.5,NNE,20,17:44,23.2,67,5,WSW,7,1010.8,,,5,NE,7,1007.3
2015-04-5,21.7,28.5,1.8,1.8,8.2,WNW,33,14:38,24.1,85,6,NW,6,1008.8,27.9,52,3,WNW,17,1005.8
2015-04-4,21.0,28.5,0.4,5.6,6.3,ENE,19,12:28,23.6,84,7,WSW,2,1014.9,27.9,64,7,NE,7,1009.9
2015-04-3,21.0,27.7,38.4,6.0,8.1,E,28,12:45,24.0,87,7,S,2,1019.1,26.8,67,3,ENE,15,1015.9
2015-04-2,19.3,26.7,8.8,2.4,3.0,ENE,30,13:13,24.7,75,5,S,6,1019.5,24.2,83,7,S,4,1015.8
2015-04-1,19.1,24.8,68.2,,0.0,ESE,26,15:30,19.4,94,8,WSW,6,1023.2,24.2,74,8,ESE,6,1018.8
