386.0,23.0,true
2016-04-24,-12.3,-10.2,0,,2.7,NNE,48,08:40,-12.3,74,1,NE,26,995.1,-11.6,79,7,NE,26,994.7
2016-04-23,-11.7,-5.4,0,,1.8,E,106,07:45,-7.6,64,7,E,24,996.5,-9.0,60,7,E,9,997.5
2016-04-22,-10.8,-5.4,0,,0.0,S,35,00:28,-9.4,79,7, ,Calm,999.3,-10.6,72,7,SSE,9,998.9
2016-04-21,-18.2,-9.1,0,,0.0,NNE,22,07:53,-10.2,80,8,NNE,17,990.9,-10.0,81,8,NE,13,993.4
2016-04-20,-19.0,-10.2,0,,0.9,S,44,04:52,-17.9,76,7,SSE,30,985.8,-14.4,80,7,SSE,20,987.1
2016-04-19,-20.8,-11.4,0,,6.8,SE,46,23:04,-17.0,49,5,SSE,13,983.3,-16.6,69,6,S,17,981.1
2016-04-18,-17.5,-12.0,0,,0.0,E,39,05:14,-13.7,77,7,SSE,11,997.3,-15.7,67,7,SE,4,994.1
2016-04-17,-14.1,-9.1,0,,8.4,SE,37,01:06,-10.8,67,2,NNE,15,995.2,-11.2,73,3,NE,11,996.8
2016-04-16,-8.7,-4.7,,,0.0,E,102,13:01,-8.1,90,8,ENE,85,984.9,-8.5,89,8,E,74,986.5
2016-04-15,-9.1,-6.3,32.2,,0.0,ENE,65,00:20,-6.3,92,8,SW,19,985.8,-7.2,92,8,WSW,7,986.3
2016-04-14,-18.6,-4.9,0,,0.0,ENE,135,06:10,-8.4,90,7,E,76,973.1,-6.3,86,7,NNE,17,974.3
2016-04-13,-16.2,-6.4,0,,8.2,S,44,00:37,-14.8,67,3,W,24,979.0,-14.9,57,1,NW,13,980.1
2016-04-12,-12.7,-9.2,0,,2.1,S,30,19:48,-12.1,81,7, ,Calm,984.0,-11.8,86,7,SSE,11,981.8
2016-04-11,-14.9,-6.3,0,,0.1,ENE,107,01:12,-7.3,87,7,NE,54,978.6,-9.3,85,8,S,19,981.1
2016-04-10,-18.9,-6.3,0,,0.0,ENE,131,20:33,-14.6,70,8,SSW,19,980.9,-9.4,76,8,ENE,76,971.4
2016-04-9,-18.9,-10.1,0,,8.5,ESE,70,07:20,-14.6,55,2,SSE,33,967.9,-17.2,65,0,S,31,972.5
2016-04-8,-23.4,-11.8,0,,0.7,E,65,19:34,-16.8,61,7,S,11,953.5,-14.6,54,6,SE,6,953.3
2016-04-7,-25.1,-16.8,0,,4.5,S,76,06:15,-23.1,57,1,SSE,54,962.4,-22.2,65,7,SSE,46,960.1
2016-04-6,-13.6,-11.9,0,,6.7,SSE,59,00:54,-13.3,65,3,S,9,973.9,-15.2,69,1,SSE,26,970.0
2016-04-5,-11.6,-7.8,0,,0.0,ENE,33,14:13,-9.9,85,7,SSE,13,987.7,-9.1,73,7,NE,19,985.6
2016-04-4,-9.7,-5.9,,,0.1,ENE,30,10:12,-7.1,85,7,ENE,19,985.3,-8.0,87,7,SSE,17,984.5
2016-04-3,-5.2,0.8,0,,0.2,E,144,05:13,0.4,47,7,SSE,11,984.0,-1.6,60,7,NE,11,986.3
2016-04-2,-8.3,1.5,0,,0.1,ENE,144,08:58,-4.8,86,8,ENE,113,964.3,-4.5,87,,E,107,967.7
2016-04-1,-9.0,-4.0,0,,7.6,ENE,87,23:58,-6.9,55,1,SSE,11,967.9,-5.7,58,7,NE,26,966.4
2016-03-31,-7.3,2.5,0,,0.3,ENE,161,09:39,-3.5,74,8,E,100,965.8,-0.5,51,7,ENE,43,971.0
2016-03-30,-7.1,-2.2,0,,0.0,E,130,15:32,-6.9,86,7,E,94,957.7,-6.9,88,,E,104,956.4
2016-03-29,-11.2,-2.0,0,,2.6,E,150,01:09,-6.7,84,7,E,83,947.7,-3.6,59,6,NNE,33,951.7
2016-03-28,-19.7,-4.8,0,,0.7,E,170,22:22,-11.1,63,8,E,57,971.4,-10.1,90,,E,113,955.7
2016-03-27,-17.9,-11.0,0,,10.7,SSE,26,14:05,-14.2,76,1,S,4,980.2,-15.6,73,1,SSE,19,979.8
2016-03-26,-15.7,-12.4,0,,9.5,SSE,31,08:40,-14.5,62,6,SSE,22,979.1,-13.8,59,6,SE,17,982.0
2016-03-25,-15.6,-10.7,0,,0.5,WSW,30,01:11,-11.3,66,7,E,4,968.9,-11.4,64,7,SE,17,971.0
2016-03-24,-14.9,-7.8,0,,0.0,E,52,03:49,-9.1,68,7,E,26,968.0,-9.2,69,7,SSE,11,967.8
2016-03-23,-16.6,-8.6,0,,9.3,E,46,00:03,-14.4,66,7,S,13,959.3,-10.9,63,5,ESE,11,960.6
2016-03-22,-10.1,-6.4,0.8,,0.8,ESE,24,22:31,-7.0,76,7,SSW,4,985.0,-7.6,73,7,SE,6,981.4
2016-03-21,-10.9,-6.6,0,,0.0,WNW,41,01:05,-9.2,67,7,SE,11,983.3,-7.2,77,7,NE,26,983.7
2016-03-20,-15.1,-7.1,0,,1.3,WNW,44,00:49,-9.3,68,7,E,28,973.2,-7.4,76,8,NE,17,974.3
2016-03-19,-16.8,-8.9,0,,8.6,SSE,26,06:07,-14.3,75,7,SSE,15,967.4,-11.5,62,6, ,Calm,967.0
2016-03-18,-17.0,-10.8,0,,7.5,S,31,10:38,-14.0,67,1,SSE,24,973.8,-10.8,64,1,SE,9,972.1
2016-03-17,-9.2,-5.6,1.4,,9.6,S,26,20:13,-5.6,78,2,WNW,13,982.5,-7.5,79,3,WSW,9,980.9
2016-03-16,-4.6,-3.3,0.4,,0.0,ENE,57,01:28,-3.9,77,8,SE,17,985.1,-4.0,89,8,SSE,13,984.6
2016-03-15,-6.5,-2.8,2.0,,0.0,ENE,76,16:28,-3.7,83,8,NE,50,979.1,-3.6,86,8,ENE,61,977.4
2016-03-14,-8.0,-3.6,1.0,,0.0,ENE,39,01:01,-6.3,88,8,SSE,20,974.2,-4.7,90,8,SSE,11,976.9
2016-03-13,-11.1,-4.8,0,,11.3,S,39,02:35,-7.7,66,1,SW,7,972.8,-5.1,63,1,W,24,976.1
2016-03-12,-4.1,0.1,0,,3.2,NE,65,02:45,-2.5,73,7,SSE,20,972.4,-1.2,68,6, ,Calm,972.7
2016-03-11,-7.5,-0.7,0,,7.0,NNE,56,23:45,-2.9,62,5,ENE,13,962.6,-1.5,64,7,N,4,963.5
2016-03-10,-6.4,-0.6,1.2,,0.0,E,113,14:32,-2.5,91,8,ENE,83,969.2,-3.0,91,7,E,72,966.9
2016-03-9,-9.2,-2.3,6.8,,0.0,ENE,91,03:31,-4.1,90,8,ENE,57,969.8,-4.5,76,8,SSW,20,972.2
2016-03-8,-13.5,-2.4,0,,3.4,E,35,22:45,-8.8,76,7,NE,22,979.9,-8.4,73,7,SE,17,974.3
2016-03-7,-9.6,-3.0,0,,4.0,W,30,21:45,-4.8,77,7,NE,17,984.0,-3.5,59,7,NNW,7,983.3
2016-03-6,-7.5,-3.9,0,,0.0,W,24,14:00,-4.2,72,8,WNW,6,976.7,-4.9,67,7,NW,11,979.8
2016-03-5,-9.0,-3.8,0,,0.0,NNE,56,09:00,-6.4,79,8,NE,39,965.3,-6.7,82,7,S,13,967.8
2016-03-4,-5.0,-0.2,0,,0.0,ENE,74,02:10,-1.0,49,7,NNW,13,972.5,-3.0,71,7,SSE,9,971.2
2016-03-3,-5.2,-0.5,1.6,,3.7,NNE,24,21:02,-1.1,74,7, ,Calm,973.2,-1.9,78,7,WSW,2,973.9
2016-03-2,-5.4,-0.9,0,,0.0,NE,43,07:35,-2.1,80,8,NE,28,964.4,-3.1,90,8,NE,13,967.2
2016-03-1,-6.0,1.1,1.2,,6.6,E,26,02:17,-1.8,59,2,SE,13,972.7,0.0,67,7,N,9,968.1
2016-02-29,-6.3,-1.4,2.6,,0.1,E,31,23:11,-3.5,87,8,SSE,9,985.5,-3.1,86,8,S,6,983.3
2016-02-28,-8.0,0.0,0.4,,0.0,S,59,06:42,-3.9,75,8,WSW,13,988.1,-4.4,76,8,S,28,987.3
2016-02-27,-7.5,-2.8,0.2,,0.0,E,48,00:26,-6.8,82,7,SSE,11,989.9,-5.4,76,7,NE,24,990.9
2016-02-26,-7.3,-5.9,0,,0.0,NE,44,10:36,-6.2,72,8,NE,33,985.4,-7.0,87,8,NNE,15,986.1
2016-02-25,-10.7,-3.5,0,,5.0,NE,39,15:31,-5.3,68,7,N,11,990.3,-5.4,73,7,NE,30,988.2
2016-02-24,-10.3,-1.8,0,,8.3,E,43,03:42,-5.7,77,6,S,20,988.6,-2.8,56,1,NNW,11,990.2
2016-02-23,-5.6,-3.6,0,,0.4,NNE,41,11:10,-3.7,84,6,NNE,19,984.6,-4.2,71,8,NE,6,984.0
2016-02-22,-5.1,-1.7,0,,1.4,NE,39,08:04,-2.9,73,7,NE,17,992.8,-3.7,77,8,SSE,26,994.7
2016-02-21,-8.3,-2.7,0,,0.0,E,46,05:50,-4.6,61,7,ENE,26,977.3,-3.6,50,7,ENE,13,981.7
2016-02-20,-10.4,-3.6,0,,5.4,SSE,30,10:51,-6.8,76,7,SSE,20,969.5,-5.2,72,7,SSE,19,968.6
2016-02-19,-4.9,-1.6,0,,13.3,E,28,06:05,-1.8,60,3,SE,11,981.6,-2.3,76,2,S,13,976.3
2016-02-18,-5.3,-0.4,0,,0.0,ENE,33,10:38,-0.7,73,8,ENE,22,986.4,-1.1,77,8,S,7,986.2
2016-02-17,-1.3,0.3,2.2,,6.5,NNE,52,01:51,-0.6,95,7,NNE,17,981.2,-0.3,80,5,N,9,984.2
2016-02-16,-4.1,0.3,0,,1.2,ENE,169,01:13,0.1,96,7,NNE,46,964.1,-0.4,94,8,NNE,43,967.0
2016-02-15,-12.9,0.5,0,,0.4,ENE,183,00:26,-2.5,67,8,NE,56,979.7,-4.0,87,8,E,85,973.1
2016-02-14,-10.1,-2.4,0,,13.3,NW,35,17:08,-7.1,46,2,WNW,19,982.0,-5.9,52,3,NNW,20,983.2
2016-02-13,-6.4,-2.2,0,,8.6,ESE,48,01:08,-2.9,70,6,SSW,15,986.7,-5.2,70,2,S,17,985.4
2016-02-12,-11.3,-0.8,0,,1.1,WSW,56,21:47,-6.1,71,7,SSE,17,981.6,-2.3,76,7,SSE,15,981.8
2016-02-11,-8.8,-4.3,0,,2.6,NNE,41,11:04,-4.7,56,6,NNE,24,982.7,-5.1,63,7,N,20,983.0
2016-02-10,-2.6,0.1,0,,4.7,ENE,67,03:42,-0.1,46,7,W,17,982.3,-1.0,70,4,S,11,982.4
2016-02-9,-3.9,0.2,0.2,,0.0,ENE,72,20:14,-0.9,73,8,ENE,31,980.5,-0.9,77,8,ENE,52,978.4
2016-02-8,-4.3,-0.3,0.8,,0.0,NNE,39,08:14,-3.3,84,8,NNE,30,986.5,-2.1,75,8,NE,19,986.1
2016-02-7,-2.9,0.0,0,,0.2,NNE,39,19:23,-1.4,69,7,N,4,983.1,-1.2,88,8,NW,6,983.9
2016-02-6,-1.7,0.3,0.8,,0.0,SSE,26,18:53,-0.4,75,8,NNE,11,987.2,-1.5,86,8,SSE,17,985.5
2016-02-5,-2.3,0.2,3.0,,0.0,NE,37,07:47,-1.0,89,8,N,20,985.1,-0.9,92,8,SSW,9,986.4
2016-02-4,-3.9,0.1,0,,0.0,NNE,20,21:25,-1.3,63,7,S,9,983.5,-0.5,69,7,NNW,6,983.8
2016-02-3,-2.1,0.4,0,,2.9,N,28,14:22,-1.0,80,7,NNW,13,983.3,-0.6,75,7,N,15,983.9
2016-02-2,-2.8,2.2,5.6,,0.0,S,20,01:10,-1.2,75,8,S,15,986.4,0.6,61,7,SSW,7,985.3
2016-02-1,-3.8,-0.9,2.0,,0.0,E,59,03:52,-2.1,83,8,WSW,9,984.5,-2.2,90,8,WSW,9,984.5
2016-01-31,-5.7,0.2,0,,7.2,NNE,30,17:46,-1.7,62,6,N,9,990.6,-1.6,67,7,N,19,989.9
2016-01-30,-3.9,0.2,0,,8.6,NNW,20,11:12,-2.8,86,7,SSW,2,987.7,-0.4,70,3,SSW,6,991.9
2016-01-29,-2.8,2.2,0,,,,,,1.1,73,3,NNW,9,975.5,0.7,80,3,NNW,11,978.8
2016-01-28,-0.9,3.5,0,,0.6,E,131,02:11,1.5,60,7,SSW,31,968.5,1.3,72,7,SSE,22,969.5
2016-01-27,-1.8,3.3,0.4,,3.4,E,135,22:57,-0.4,77,6,SW,13,985.1,2.7,60,7,NNE,13,978.0
2016-01-26,-4.5,2.3,0,,0.7,E,70,15:14,-1.5,77,8,S,24,981.5,0.3,63,8,E,54,981.9
2016-01-25,-2.7,-0.8,0,,0.4,ENE,37,21:51,-2.0,71,7,S,13,982.4,-1.9,68,7,NNW,7,981.7
2016-01-24,-5.1,-0.6,0,,9.5,NNE,30,15:28,-1.3,80,6,NNE,19,980.4,-1.8,77,8,N,15,981.3
2016-01-23,-4.3,1.5,0,,12.9,ENE,54,01:16,0.8,50,6,N,7,981.2,0.8,52,5,S,15,981.8
2016-01-22,-6.9,2.0,0,,14.1,ENE,59,00:40,-1.6,72,0,SSE,35,972.7,1.6,57,0,SW,35,972.7
2016-01-21,-5.9,0.9,0,,13.8,NNE,33,12:37,0.3,37,1,SW,2,972.1,-0.4,69,1,N,13,973.7
2016-01-20,-6.3,1.0,0,,13.6,WSW,20,14:27,-1.3,56,1,N,7,979.8,-0.8,65,0,WNW,13,979.5
2016-01-19,-6.9,0.7,0,,14.4,E,24,01:57,-1.0,48,1,N,7,980.6,-0.1,61,2,N,13,979.2
2016-01-18,-4.9,1.5,0,,13.4,SSE,39,16:17,0.6,39,1,NNW,2,978.9,0.4,55,1,SSE,31,980.3
2016-01-17,-3.1,1.3,0,,0.1,NE,46,11:10,-1.4,71,7,NE,31,979.0,-0.3,70,7,SE,17,976.0
2016-01-16,-1.4,0.9,0,,2.3,N,28,10:47,0.5,64,7,N,20,985.5,0.0,74,7,N,13,987.5
2016-01-15,-3.6,2.6,1.6,,3.3,ESE,39,02:09,-1.0,71,6,SSW,11,976.4,1.1,55,7,WNW,7,977.8
2016-01-14,-2.3,0.9,0,,0.0,ENE,78,06:33,0.0,63,7,E,43,979.1,-0.1,63,8,WSW,20,977.1
2016-01-13,-6.8,0.4,0,,0.3,ENE,63,22:13,-0.9,50,7,SE,9,993.9,-0.9,70,7,WNW,13,990.0
2016-01-12,-8.5,-0.1,0,,5.4,ENE,63,02:24,-1.5,50,6,ENE,28,993.3,-1.4,49,7,SSW,9,995.4
2016-01-11,-7.4,0.0,0,,13.3,ENE,57,23:50,-1.4,47,1,NE,6,985.6,-1.8,70,5,N,13,985.3
2016-01-10,-2.8,0.9,0,,9.8,W,19,07:14,-0.7,77,7,WNW,13,988.7,-0.1,71,2,N,11,987.4
2016-01-9,-2.4,1.5,0,,3.2,N,26,01:02,-1.5,75,7,NE,13,986.8,-0.1,65,7,N,9,987.5
2016-01-8,-2.8,-0.5,1.4,,0.0,,,,-1.9,82,8,N,9,981.8,-0.8,83,8,SW,9,983.2
2016-01-7,-2.6,0.9,2.2,,3.7,ESE,43,03:30,-0.8,85,8,S,13,980.5,0.0,83,8,SE,13,980.6
2016-01-6,-1.1,1.9,0,,0.0,ENE,81,10:15,0.4,64,8,ENE,52,975.4,0.1,83,8,WSW,17,977.7
2016-01-5,-3.0,2.0,0.4,,2.7,NE,57,21:11,0.7,81,7,N,9,989.0,0.6,78,7,NNE,20,985.0
2016-01-4,-1.7,0.9,0,,0.0,NE,37,06:37,-0.1,84,8,SSW,13,990.6,0.4,81,7,S,15,991.9
2016-01-3,-1.9,0.3,10.0,,0.0,NNE,31,02:01,-1.1,93,8,NNE,19,975.5,-0.6,86,8,NNE,11,979.5
2016-01-2,-0.4,2.0,0,,,E,104,10:05,1.1,67,8,SE,41,974.0,1.1,75,8,NNW,11,968.3
2016-01-1,-0.9,2.4,0,,0.9,ENE,61,23:49,0.1,89,7,NNE,31,991.6,1.0,83,7,N,13,990.8
2015-11-30,-8.7,-1.0,0,,13.8,E,44,21:28,-3.2,45,0,NNE,7,981.7,-2.6,49,0,NW,13,982.7
2015-11-29,-5.1,-0.4,0,,14.4,,,,-1.1,49,3,N,7,976.4,-2.2,64,1,NNW,13,976.1
2015-11-28,-3.8,0.6,0,,2.6,E,39,22:35,-1.6,58,8,N,6,974.3,-0.3,56,8,N,7,974.6
2015-11-27,-3.1,3.1,0,,0.2,ENE,69,09:52,2.3,35,8,E,31,984.7,-0.9,71,8,NNE,13,980.9
2015-11-26,-3.3,2.8,0,,11.8,ESE,24,01:09,1.4,32,7,SW,7,1002.1,0.6,45,7,N,7,998.8
2015-11-25,-7.4,2.9,0,,11.8,SSE,70,20:03,-0.9,54,7,S,6,1003.0,1.5,42,2,SSE,43,1001.0
2015-11-24,-6.9,2.3,0,,14.0,SE,54,06:28,1.9,47,1,SSW,19,994.7,1.6,54,1,SSW,24,999.3
2015-11-23,-12.1,4.3,0,,13.7,SE,48,00:10,-6.3,38,1,NE,9,965.3,-4.4,37,1,N,2,970.9
2015-11-22,-12.8,-5.3,0,,13.6,NE,35,00:58,-6.7,51,1,NNE,19,966.3,-6.2,59,1,NNE,9,964.1
2015-11-21,-13.0,-4.1,0,,13.7,ENE,28,02:53,-7.7,55,1,SSE,7,969.2,-5.0,60,1,NNE,15,968.8
2015-11-20,-8.3,-2.1,0,,12.9,E,94,01:15,-2.9,42,5, ,Calm,966.7,-4.4,59,1,N,19,968.0
2015-11-19,-12.8,-2.3,0,,0.1,E,113,12:59,-8.1,54,1,ENE,13,967.5,-6.7,73,8,E,91,964.2
2015-11-18,-13.2,-4.1,0,,12.2,E,76,00:30,-9.7,73,1,SSE,13,988.6,-7.1,70,7,NE,24,986.4
2015-11-17,-8.3,-4.2,0.4,,,NNE,35,16:07,-5.3,74,7,WNW,22,988.7,-5.6,70,6,NNE,24,989.2
2015-11-16,-10.5,-3.9,0,,8.6,E,50,03:45,-6.9,61,7,SSE,20,994.2,-4.2,57,7,SSW,4,991.3
2015-11-15,-10.3,-5.3,0,,6.6,E,44,00:42,-6.6,58,6,NE,33,992.5,-6.3,77,7,NNE,24,995.1
2015-11-14,-6.9,-4.9,0,,6.7,NE,28,08:30,-6.3,61,7,N,13,985.4,-6.5,61,4,NNE,19,986.0
2015-11-13,-8.7,-2.5,0,,4.4,N,30,13:41,-3.5,58,7,N,15,992.9,-4.2,76,7,N,20,991.2
2015-11-12,-8.8,-1.4,0,,2.4,NE,30,10:10,-1.9,57,7,NE,20,979.8,-3.4,64,7,SE,13,985.7
2015-11-11,-14.5,-1.6,0,,8.4,NNE,31,09:16,-5.0,54,1,NNW,13,966.4,-5.2,66,7,S,13,968.3
2015-11-10,-10.7,-3.4,0,,13.9,NE,31,03:33,-6.7,53,1,SSE,11,979.0,-5.9,49,1,SSE,7,972.7
2015-11-9,-5.1,-2.0,1.0,,0.4,SE,31,02:17,-3.0,86,8,NNE,20,984.8,-3.0,89,8,NNE,20,986.1
2015-11-8,-5.5,-1.4,0,,7.9,E,57,02:52,-1.6,66,7,NNE,26,965.0,-3.2,88,8,S,9,972.7
2015-11-7,-9.6,0.0,0,,1.9,E,78,01:58,-5.5,66,3,S,13,955.4,-1.6,48,6,E,2,953.8
2015-11-6,-10.8,-3.7,0,,0.8,E,93,22:26,-6.1,81,7,SSW,15,972.5,-5.3,67,7,E,54,964.1
2015-11-5,-9.2,-4.5,0,,3.5,NE,61,01:51,-5.4,72,7,NE,22,983.9,-5.7,77,7,NNE,30,984.3
2015-11-4,-8.7,-1.9,0,,12.6,NE,65,00:01,-2.7,62,6,NNE,19,973.4,-3.0,65,6,N,17,973.8
2015-11-3,-7.9,-0.4,0,,0.0,ENE,117,03:53,-5.2,74,8,E,70,981.4,-3.8,66,7,ESE,52,979.1
2015-11-2,-13.8,-3.4,0,,0.0,ENE,148,09:08,-3.7,93,8,ENE,122,974.0,-3.9,92,,ENE,113,975.3
2015-11-1,-21.0,-3.3,0,,8.8,ENE,80,00:30,-13.3,60,5,NE,7,988.5,-10.9,75,7,NNE,9,989.4
2015-10-31,-12.1,-8.9,0,,1.8,NE,20,08:09,-10.7,67,7,NE,15,985.5,-10.1,66,8,S,9,985.5
2015-10-30,-13.4,-8.4,0,,0.0,NNE,20,21:33,-9.9,76,8,N,11,987.4,-8.8,70,8, ,Calm,987.3
2015-10-29,-14.8,-9.1,5.8,,0.1,SSE,20,10:56,-11.4,69,8,NNE,9,990.1,-10.5,79,8,SSW,7,988.5
2015-10-28,-16.9,-7.7,0.2,,0.0,SSE,31,06:09,-10.7,81,8,SSW,15,978.2,-10.0,85,8,S,9,982.7
2015-10-27,-12.7,-9.5,0,,1.8,ENE,48,22:30,-11.9,77,8,N,13,977.6,-10.4,65,7,N,20,980.5
2015-10-26,-12.3,-6.4,0,,10.4,NE,39,00:45,-7.7,57,8,SE,13,971.3,-7.0,75,6,NNE,17,971.1
2015-10-25,-16.0,-6.6,0,,5.6,E,44,17:37,-12.3,75,7,NNE,31,979.2,-10.6,79,7,SSE,20,975.0
2015-10-24,-17.3,-6.5,0.2,,13.6,NE,37,21:37,-14.0,65,2,SSE,19,973.5,-9.8,64,2,NNE,11,973.7
2015-10-23,-14.3,-9.5,0,,4.3,SE,22,23:31,-10.2,77,8, ,Calm,985.8,-10.6,72,7,SE,13,984.1
2015-10-22,-18.2,-8.8,0,,11.2,ENE,30,01:56,-12.5,58,7,SE,17,990.6,-10.2,55,6, ,Calm,988.3
2015-10-21,-16.1,-11.3,0,,8.0,E,78,02:15,-14.3,52,8,SSE,20,990.8,-13.4,54,8,SSE,19,991.9
2015-10-20,-17.5,-9.6,0,,10.6,NNE,43,21:21,-12.0,54,2,S,4,982.6,-11.8,55,6,SSE,9,985.6
2015-10-19,-17.7,-5.7,0,,5.1,E,91,05:57,-9.0,63,8,E,56,969.0,-9.0,50,7,E,35,970.5
2015-10-18,-26.1,-3.9,0,,7.4,SSE,30,01:07,-17.5,56,8,SSE,7,987.6,-14.2,66,8,SE,17,985.4
2015-10-17,-19.5,-15.0,0,,13.4,SSE,35,21:30,-16.5,61,1,NE,22,985.2,-17.7,56,1,SE,13,986.1
2015-10-16,-16.7,-13.3,0.6,,0.0,NE,24,22:21,-15.5,77,8,SSE,13,985.2,-14.1,79,8,NNE,7,985.5
2015-10-15,-15.7,-12.6,2.2,,0.0,NNE,24,18:51,-14.6,79,8,SSE,15,983.3,-12.7,76,8, ,Calm,982.9
2015-10-14,-15.1,-8.3,0.8,,0.0,SSE,33,03:03,-8.5,81,8,NNW,11,981.6,-10.3,86,8,NNE,17,982.2
2015-10-13,-12.2,-1.6,0,,0.0,E,111,13:05,-7.4,74,8,E,91,972.5,-5.9,61,8,SSE,26,975.6
2015-10-12,-17.2,-3.9,0,,0.1,E,98,22:31,-11.9,52,7,S,19,983.7,-6.3,63,8,SE,24,981.5
2015-10-11,-20.5,-11.7,0,,7.3,ESE,35,01:22,-15.3,58,6,NE,9,985.6,-12.0,60,7,NE,9,987.2
2015-10-10,-24.9,-15.0,0,,11.8,NE,44,19:09,-20.3,62,1,SSE,17,986.2,-16.6,58,1,N,11,987.4
2015-10-9,-16.9,-13.1,0,,7.7,NW,41,14:39,-15.4,80,6,NNE,30,986.6,-16.8,66,3,NW,28,985.3
2015-10-8,-12.6,-10.2,0.2,,0.0,NNE,30,13:43,-10.7,78,8,NNE,17,992.4,-11.0,76,8,NNW,19,990.9
2015-10-7,-13.4,-6.8,0.2,,4.0,ENE,30,21:19,-10.3,59,6,SSE,20,987.0,-9.0,58,7,ESE,7,989.2
2015-10-6,-17.6,-9.5,0,,2.8,NE,26,00:30,-13.1,71,7,SSE,9,983.3,-12.0,77,7,SSE,7,982.8
2015-10-5,-21.5,-12.1,0,,5.2,ESE,30,19:27,-16.5,51,8,S,17,989.2,-12.8,63,7,ENE,11,988.2
2015-10-4,-20.5,-14.3,0,,10.8,E,46,03:24,-16.2,49,6,S,9,989.2,-14.4,54,6,ENE,9,985.5
2015-10-3,-22.3,-13.0,0,,4.5,E,63,12:46,-16.3,52,6,S,11,990.2,-14.0,54,7,W,17,991.9
2015-10-2,-24.8,-15.1,0,,11.7,E,39,01:04,-19.1,47,1,SE,9,986.5,-17.1,48,2,NE,13,982.6
2015-10-1,-21.8,-17.9,0,,0.0,ESE,39,00:50,-18.1,79,8,NNE,22,989.6,-18.1,76,8,NNE,11,989.7
2015-09-30,-22.7,-15.2,0,,5.3,SSE,52,03:35,-19.4,68,7,S,11,1000.2,-17.2,77,7,ENE,11,998.6
2015-09-29,-19.3,-8.7,0,,10.4,ESE,80,03:56,-12.1,44,6,S,17,994.9,-11.0,48,4,NE,13,996.5
2015-09-28,-15.1,-10.6,0,,4.9,E,70,23:47,-14.6,80,7,SSE,19,989.2,-17.4,70,2,SSE,44,988.8
2015-09-27,-15.7,-10.7,0,,5.1,S,30,20:57,-12.7,65,7,SE,11,995.9,-13.3,66,7,SSE,9,991.1
2015-09-26,-15.9,-11.1,0,,0.0,NNE,81,01:45,-15.6,80,8,NNE,20,990.3,-14.5,74,8,NE,9,994.4
2015-09-25,-10.4,-4.9,,,1.1,E,167,01:18,-5.7,74,6,ENE,100,945.0,-12.8,87,8,NNE,61,957.0
2015-09-24,-21.8,-4.7,,,0.0,E,178,23:28,-9.4,89,,ENE,113,969.5,-9.7,90,,E,135,956.9
2015-09-23,-24.1,-8.4,,,0.0,SSE,44,05:31,-21.4,73,8,S,13,975.8,-18.2,72,8,NNE,26,980.6
2015-09-22,-21.8,-15.2,0,,0.0,S,59,14:29,-18.9,66,8,S,33,975.5,-18.7,71,8,SSE,39,966.8
2015-09-21,-23.9,-15.0,0,,9.5,E,69,01:05,-20.4,55,1,SSE,15,994.2,-16.6,45,5,SE,11,994.3
2015-09-20,-30.8,-11.7,0,,10.7,E,72,00:48,-22.8,53,1,W,20,988.2,-21.5,66,3,S,30,990.5
2015-09-19,-32.9,-22.5,2.0,,8.6,SSE,87,11:21,-29.1,67,6,SSE,57,979.7,-27.8,55,2,S,37,979.8
2015-09-18,-31.6,-27.3,0,,8.1,S,98,22:11,-30.6,68,5,S,26,979.1,-29.0,67,2,S,17,976.7
2015-09-17,-28.6,-22.5,0,,0.0,SSE,35,01:21,-25.9,70,8,SSE,20,979.9,-24.4,72,8,SSE,19,979.6
2015-09-16,-25.3,-21.5,,,0.3,E,54,06:40,-24.7,70,7,S,24,976.9,-23.3,73,8,SSE,20,977.9
2015-09-15,-22.1,-13.8,0,,10.6,SSE,41,01:10,-17.9,37,2,SE,9,981.3,-19.6,55,4,SSE,13,977.4
2015-09-14,-24.4,-16.5,0,,7.5,S,65,17:32,-20.7,71,0,SSE,31,969.3,-20.2,70,0,SSE,41,973.9
2015-09-13,-14.2,-11.7,,,6.8,W,22,03:28,-13.3,86,3,SSW,13,951.1,-14.9,76,1,S,15,957.7
2015-09-12,-20.6,-8.2,,,0.0,ENE,154,08:42,-10.7,90,,ENE,119,951.5,-10.4,86,8,E,61,949.4
2015-09-11,-20.3,-10.2,2.6,,0.0,NE,26,19:02,-19.2,83,8,NNE,11,973.5,-16.9,85,8,NE,2,974.5
2015-09-10,-21.0,-8.6,,,0.0,ENE,102,03:03,-8.6,83,8,NNE,26,966.6,-12.9,85,8,NNE,24,968.8
2015-09-9,-21.9,-7.8,,,7.5,NE,91,00:59,-20.4,64,5,SSE,9,975.0,-20.3,55,6,E,7,974.8
2015-09-8,-19.4,-16.5,,,9.9,S,76,14:42,-17.6,57,0,SSE,31,972.4,-18.1,63,0,S,54,971.2
2015-09-7,-9.4,-5.0,0,,0.0,E,80,14:15,-5.2,65,8,E,35,980.2,-7.0,78,8,E,61,977.2
2015-09-6,-7.8,-4.2,0.2,,0.0,NNE,54,14:47,-7.6,92,8,NE,33,975.2,-9.1,90,7,NNE,35,978.3
2015-09-5,-9.1,-3.4,,,1.3,ENE,117,01:05,-4.3,73,2,NE,59,977.2,-5.1,88,7,NE,15,980.7
2015-09-4,-10.6,-2.9,,,0.0,ENE,152,20:36,-4.6,93,,ENE,111,976.5,-3.3,93,,NE,111,971.5
2015-09-3,-15.8,-3.2,,,0.0,ENE,109,00:50,-4.6,80,8,ENE,57,989.3,-10.3,91,8,SW,13,991.0
2015-09-2,-13.8,-4.3,2.6,,0.7,WSW,24,01:15,-11.0,91,8,SSE,9,994.7,-13.0,79,3,S,4,992.7
2015-09-1,-6.2,-4.7,,,0.4,ENE,143,04:26,-5.7,92,7,NE,17,991.0,-5.0,78,7,NNE,17,993.5
2015-08-31,-10.3,-3.4,,,0.0,NE,135,00:19,-6.2,92,8,ENE,63,998.6,-5.7,93,8,NE,94,992.5
2015-08-30,-5.8,-4.5,,,0.0,ENE,172,01:02,-4.5,94,,NE,130,964.1,-6.1,93,,NE,83,973.6
2015-08-29,-13.2,-1.2,10.4,,0.0,ENE,169,00:58,-2.2,95,8,NE,72,982.7,-5.6,93,,E,104,974.3
2015-08-28,-22.8,-2.2,,,0.0,E,104,20:30,-9.4,90,8,E,31,990.4,-9.8,90,8,SSW,17,992.0
2015-08-27,-25.2,-8.8,9.6,,0.0,SSE,35,05:25,-18.5,83,8,WSW,11,976.6,-20.0,82,6,WSW,13,981.6
2015-08-26,-22.7,-17.5,0,,0.0,ENE,43,21:12,-17.9,72,8,NE,24,979.8,-18.1,69,8,NE,24,984.4
2015-08-25,-23.6,-17.8,0,,0.0,S,35,13:21,-20.7,79,7,SSE,19,971.2,-20.2,80,8,SSE,15,971.7
2015-08-24,-16.2,-14.2,,,1.4,S,43,01:19,-14.5,60,7,E,33,967.4,-17.2,72,8,SSW,11,969.4
2015-08-23,-25.8,-10.3,,,0.0,E,183,11:41,-13.1,88,0,E,135,949.3,-12.6,88,,E,124,952.9
2015-08-22,-26.0,-10.5,0,,3.8,E,106,00:55,-22.2,53,8,SSE,19,988.8,-22.2,56,3,ENE,7,988.5
2015-08-21,-25.8,-20.7,0,,0.0,S,20,00:50,-22.3,80,8,ESE,2,986.8,-21.9,78,6,N,11,987.1
2015-08-20,-23.5,-18.8,0.6,,0.0,NE,20,06:58,-18.8,83,8,ENE,13,985.0,-21.2,81,8,NE,11,986.4
2015-08-19,-17.1,-14.2,7.4,,0.0,NNE,19,13:47,-15.8,83,8,SSE,7,989.3,-15.6,86,8,NW,6,990.8
2015-08-18,-30.8,-14.0,1.4,,0.0,S,69,01:15,-17.0,70,8,SSE,11,990.5,-16.5,84,8,S,17,990.7
2015-08-17,-18.9,-15.3,10.4,,1.6,SSW,87,22:33,-15.6,87,2, ,Calm,975.0,-25.0,79,2,SW,15,976.8
2015-08-16,-23.5,-9.2,,,0.0,NE,78,22:27,-14.5,82,8,NE,30,989.7,-14.4,86,8,S,13,982.1
2015-08-15,-22.0,-14.4,0.2,,1.5,SSE,76,13:48,-22.0,77,6,S,22,979.7,-23.0,76,2,SE,44,988.1
2015-08-14,-19.8,-17.2,0,,0.0,NE,44,05:43,-19.7,79,8,NE,31,968.9,-19.0,79,8,NE,19,970.0
2015-08-13,-14.1,-9.1,,,5.4,S,63,01:30,-10.7,62,6,ENE,28,954.5,-13.9,59,2,ENE,17,956.4
2015-08-12,-24.2,-7.0,,,0.0,E,154,14:59,-13.6,85,,E,87,967.0,-12.4,86,,ESE,83,958.0
2015-08-11,-26.4,-13.4,0,,6.9,NE,80,22:11,-21.3,61,1,ENE,9,972.6,-23.1,70,3,NE,7,977.2
2015-08-10,-27.6,-20.5,0,,1.8,NE,61,03:58,-25.3,64,3,SSE,20,975.2,-24.5,61,3,S,22,974.4
2015-08-9,-19.0,-15.5,0,,4.8,SSE,37,23:54,-16.5,60,3,ESE,6,973.8,-18.4,68,2,NE,9,973.4
2015-08-8,-12.6,-8.6,0.6,,0.0,NE,76,01:26,-11.9,67,7,E,37,984.5,-12.9,53,3,ESE,9,983.6
2015-08-7,-12.8,-4.0,,,0.0,ENE,93,09:40,-5.0,93,6,ENE,72,968.2,-8.3,91,8,NNE,33,973.9
2015-08-6,-22.3,-4.6,,,0.0,ENE,207,14:54,-11.1,89,,E,111,974.7,-11.1,89,,ENE,174,953.9
2015-08-5,-15.7,-11.0,4.8,,0.0,W,37,03:01,-15.3,85,3,WNW,2,993.8,-18.2,84,7,NE,24,995.1
2015-08-4,-19.4,-8.6,0,,0.0,WSW,50,15:44,-11.5,67,8,NE,17,992.7,-11.2,89,8,WNW,24,988.0
2015-08-3,-21.9,-8.5,0.6,,5.6,E,26,22:24,-17.0,67,1,NNE,9,980.4,-17.6,52,2, ,Calm,990.1
2015-08-2,-29.9,-15.7,0,,0.8,NE,52,20:53,-20.0,54,5,SSE,7,986.2,-19.1,57,8,N,19,976.0
2015-08-1,-30.4,-19.0,0,,4.6,S,43,16:01,-28.1,60,1,SSE,11,984.4,-28.4,65,2,S,33,989.9
2015-07-31,-20.8,-20.8,0,,0.0,E,41,18:04,-20.8,75,8,NE,20,974.8,-23.2,73,8,E,30,973.7
2015-07-30,-21.1,-17.1,0.2,,0.0,ENE,50,01:40,-18.4,66,8,NE,9,985.5,-17.5,73,8,NE,11,986.2
2015-07-29,-18.1,-15.0,0.2,,0.0,ENE,54,23:55,-16.8,81,8,SSE,6,978.3,-15.2,86,8,NNE,19,978.0
2015-07-28,-20.0,-12.2,,,0.0,NE,24,22:23,-12.8,75,8,NE,7,973.2,-12.9,77,8,NE,15,975.7
2015-07-27,-26.1,-12.5,0,,0.0,ESE,93,07:16,-19.2,76,8,SSE,46,953.6,-14.4,57,7,E,9,956.6
2015-07-26,-27.4,-7.8,0,,0.0,SSW,65,22:43,-26.1,69,6,S,15,976.6,-23.5,67,8,SSE,15,968.9
2015-07-25,-21.9,-20.6,0,,0.0,NNE,24,01:23,-21.2,81,8,ESE,13,990.2,-23.4,78,8,S,9,987.0
2015-07-24,-21.0,-17.9,0.2,,0.7,NE,28,17:13,-19.7,80,1,NE,15,990.5,-19.1,83,4,NNE,17,992.1
2015-07-23,-21.2,-17.7,0,,0.0,ENE,31,01:46,-19.9,58,8,ESE,7,985.2,-20.0,71,8,SSE,11,984.4
2015-07-22,-18.2,-16.2,0,,0.0,NE,50,20:55,-16.6,73,8,NNE,17,989.2,-16.3,76,8,NNE,17,989.6
2015-07-21,-22.0,-15.7,0,,0.0,ENE,30,01:15,-15.8,84,8,ENE,20,988.7,-18.1,81,8,NNE,13,990.2
2015-07-20,-22.3,-15.5,,,0.9,S,117,02:18,-20.3,67,6,S,17,982.0,-19.9,69,6,ENE,15,983.9
2015-07-19,-14.5,-7.2,0.6,,1.4,SE,113,00:35,-9.8,59,4,E,46,979.8,-19.6,80,4,SSE,72,978.9
2015-07-18,-16.8,-6.1,3.2,,0.0,SSE,81,11:05,-13.1,63,8,SSE,24,986.7,-8.1,66,8,S,39,981.1
2015-07-17,-31.6,-6.3,,,0.0,E,83,23:35,-16.8,85,8,N,6,998.6,-12.6,88,8,W,22,996.7
2015-07-16,-32.3,-16.6,0,,0.0,SSE,78,15:58,-31.6,70,3,S,37,996.9,-28.7,69,,SSE,63,999.2
2015-07-15,-21.4,-19.5,0,,0.0,NNW,54,04:11,-19.7,80,8,NNW,30,980.0,-21.3,77,8,NW,22,983.1
2015-07-14,-28.8,-16.5,,,0.0,NW,56,21:19,-18.4,84,4,SW,6,965.9,-20.8,82,1,NNE,19,969.3
2015-07-13,-29.7,-9.9,0,,0.0,NE,113,18:55,-27.9,74,7,ESE,17,982.3,-22.6,80,8,S,20,970.3
2015-07-12,-28.1,-26.2,,,0.0,NE,46,12:18,-26.7,76,4,NNE,30,965.3,-28.4,74,1,NNE,26,968.3
2015-07-11,-31.4,-14.5,,,0.0,SSE,87,09:57,-15.8,85,8,SSE,54,952.5,-22.2,80,8,SSE,46,952.8
2015-07-10,-25.8,-10.3,0,,0.0,S,52,17:30,-22.8,79,8,SSE,17,982.0,-26.8,76,8,S,28,977.6
2015-07-9,-24.2,-19.6,0,,0.0,ENE,26,06:54,-24.1,76,6,SE,13,984.9,-24.5,76,1,SSE,9,987.0
2015-07-8,-20.3,-17.8,,,0.0,NW,59,05:20,-18.1,81,8,NW,39,967.6,-18.6,80,8,NNW,28,974.6
2015-07-7,-13.6,-13.5,,,0.0,NNE,85,02:16,-13.6,87,8,NW,20,974.5,-18.3,84,8,W,28,969.6
2015-07-6,-5.7,-0.7,,,0.0,NE,130,10:38,-1.0,95,8,NE,106,967.7,-1.8,94,8,ENE,69,961.7
2015-07-5,-20.3,-0.8,,,0.0,ENE,152,03:23,-4.9,87,8,NE,74,973.9,-3.9,80,8,ENE,44,980.2
2015-07-4,-25.4,-3.9,0,,0.0,ENE,156,23:56,-19.6,77,8,S,11,997.1,-8.0,89,,ENE,94,985.9
2015-07-3,-21.9,-18.9,0,,0.0,E,48,01:09,-19.8,73,3,SSE,11,996.5,-23.5,75,1,SSE,11,998.2
2015-07-2,-25.6,-12.0,0.4,,0.0,E,83,09:32,-14.6,56,8,SSW,17,987.1,-13.9,71,7, ,Calm,986.0
2015-07-1,-28.4,-12.5,0,,0.0,SSE,28,14:46,-25.6,44,3,NE,15,999.8,-24.2,65,8,S,19,998.2
2015-06-30,-28.1,-24.1,0,,0.0,ENE,28,03:44,-25.3,47,1,ESE,7,993.7,-27.0,46,1,ENE,11,995.6
2015-06-29,-23.9,-19.8,0.4,,0.0,E,31,23:12,-19.9,76,8,NE,17,987.8,-20.9,73,8,NNE,19,988.4
2015-06-28,-21.8,-19.4,0,,0.0,NE,56,07:19,-21.8,78,8,SSE,22,981.9,-22.6,77,8,SSE,17,984.1
2015-06-27,-11.0,-10.4,0.8,,0.0,SSE,30,16:22,-11.0,77,8,WNW,13,975.7,-16.3,80,8,SSE,22,977.3
2015-06-26,-13.1,-6.3,0,,0.0,ENE,59,06:45,-10.1,77,8,SSE,24,969.6,-7.6,61,8,ESE,20,968.9
2015-06-25,-13.2,-6.4,,,0.0,E,72,01:19,-10.2,89,8,NE,9,977.6,-11.5,85,8,SSE,6,974.6
2015-06-24,-23.3,-4.7,0,,0.0,ENE,143,07:05,-12.9,88,,ENE,102,970.2,-9.2,91,8,SSE,13,979.8
2015-06-23,-28.9,-9.4,0,,0.0,E,106,00:03,-22.5,73,7,SSW,13,984.9,-21.1,68,8,SE,11,983.3
2015-06-22,-21.7,-18.5,0,,0.0,SSE,50,20:38,-20.6,72,8,SSE,31,980.1,-27.3,73,1,SSE,31,978.5
2015-06-21,-19.8,-15.7,9.2,,0.0,SSE,59,02:20,-17.0,83,4,ENE,11,982.2,-19.8,73,,S,11,983.8
2015-06-20,-24.5,-12.3,0,,0.0,ESE,57,00:57,-19.4,77,8,SSE,15,989.8,-14.3,88,8,S,35,982.1
2015-06-19,-20.7,-16.8,0,,0.0,NE,33,01:03,-20.2,77,4,SSE,17,1001.2,-19.4,83,7,ENE,13,1001.0
2015-06-18,-14.4,-14.1,,,0.0,ENE,50,08:28,-14.1,69,8,ENE,31,995.8,-15.8,65,8,NE,17,1002.7
2015-06-17,-16.8,-9.5,,,0.0,E,148,05:47,-11.9,88,,E,70,966.0,-11.4,86,8,ENE,37,969.5
2015-06-16,-14.9,-11.3,3.0,,0.0,E,128,00:38,-14.7,83,8,NNE,30,1000.3,-16.0,81,8,NNE,13,996.8
2015-06-15,-9.7,-6.5,7.6,,0.0,ENE,50,03:03,-6.8,91,8,NNE,7,992.7,-8.9,87,8,WNW,24,996.4
2015-06-14,-12.4,-4.9,6.8,,0.0,S,30,01:06,-8.8,90,8,NNE,7,985.0,-9.0,90,8,SSE,11,985.7
2015-06-13,-13.2,-6.2,0.8,,0.0,SSE,41,22:58,-10.0,76,8,NNE,6,986.8,-10.4,81,8,SSE,13,985.5
2015-06-12,-9.9,-9.0,,,0.0,NE,81,05:32,-9.7,89,8,NNE,33,991.1,-9.8,85,8,NNE,28,993.4
2015-06-11,-22.8,-5.4,,,0.0,ENE,161,11:57,-6.6,92,,ENE,104,982.0,-9.6,89,,ENE,119,976.1
2015-06-10,-24.6,-6.3,0,,0.0,ENE,35,01:01,-19.9,58,2,NE,9,985.6,-20.4,60,5,SSE,13,986.3
2015-06-9,-18.2,-16.0,0,,0.0,NE,46,23:29,-17.6,78,7,NE,19,990.6,-16.5,75,8,ESE,4,993.3
2015-06-8,-14.7,-12.7,0,,0.0,NNE,35,23:21,-13.2,79,6,ESE,4,980.6,-13.0,83,7,NE,11,980.8
2015-06-7,-9.1,-8.4,2.2,,0.0,NNE,24,10:28,-8.4,85,8,NNE,17,988.2,-10.0,85,5,NNW,6,985.8
2015-06-6,-5.8,-5.5,1.0,,0.0,N,28,20:06,-5.6,87,8,NE,9,991.7,-7.4,89,8,N,9,992.3
2015-06-5,-6.1,-1.1,,,0.0,E,124,01:23,-2.7,68,7,ENE,44,984.5,-3.1,60,8,E,56,985.7
2015-06-4,-6.9,-2.3,,,0.0,ENE,170,04:08,-4.8,94,,ENE,115,986.1,-4.8,90,8,SSE,33,989.6
2015-06-3,-10.4,-1.5,,,0.0,E,176,14:56,-4.5,93,,E,141,988.2,-6.4,92,,E,144,986.7
2015-06-2,-19.1,-2.8,,,0.0,E,128,23:45,-10.0,90,8,SSE,13,1001.0,-5.5,92,8,ENE,72,1001.5
2015-06-1,-17.2,-6.7,0,,0.0,ENE,106,19:54,-16.5,85,8,SSE,9,990.4,-15.9,84,8,SSE,24,988.3
2015-05-31,-19.0,-13.1,2.8,,0.0,SSE,24,16:41,-13.4,88,8,SSE,13,988.0,-13.3,88,8,SSE,15,985.7
2015-05-30,-28.3,-10.9,0,,0.0,SSE,57,01:40,-18.1,83,4,SSE,7,1004.0,-12.2,83,7,SSE,15,1000.1
2015-05-29,-33.2,-16.9,0,,0.0,S,117,01:45,-28.1,74,,SSE,83,976.3,-23.5,79,,S,63,989.7
2015-05-28,-24.9,-24.7,0,,0.0,S,122,23:39,-24.9,77,5,S,31,985.7,-28.7,74,,SSE,78,983.9
2015-05-27,-17.2,-14.7,0.4,,0.0,NNE,17,01:02,-16.3,86,8,SSW,7,993.3,-15.1,86,8,SE,6,992.0
2015-05-26,-14.1,-10.9,0.2,,0.0,NNE,19,23:30,-13.3,88,8,NE,6,986.9,-12.8,88,7,NE,7,990.7
2015-05-25,-6.1,-3.6,3.6,,0.0,ENE,59,04:39,-4.3,83,6,NE,13,974.5,-5.8,94,8,NNE,17,973.4
2015-05-24,-6.2,-1.1,0,,0.0,NE,98,01:01,-3.8,84,8,SSW,17,973.3,-2.5,79,8,ENE,50,968.7
2015-05-23,-18.3,0.8,2.0,,0.0,ENE,148,17:00,-4.1,92,8,ENE,57,980.2,-5.0,93,,ENE,117,971.5
2015-05-22,-26.9,-4.1,1.8,,0.0,N,61,00:44,-17.8,85,8,NNW,13,988.1,-16.6,84,8,SSW,9,985.7
2015-05-21,-29.6,-17.1,0,,0.4,SSE,24,19:18,-23.7,75,6,NE,6,984.8,-25.3,68,6,NNE,4,987.3
2015-05-20,-31.0,-23.1,0,,0.0,S,63,04:00,-29.6,66,2,S,26,975.1,-27.3,62,1,S,24,974.4
2015-05-19,-33.1,-28.4,0,,0.0,SSW,76,17:44,-30.5,69,2,S,20,968.3,-28.8,73,3,S,41,965.9
2015-05-18,-20.3,-20.1,0.6,,2.5,N,28,08:01,-20.3,76,4,SSE,11,988.6,-24.4,83,3,SSE,13,986.6
2015-05-17,-16.2,-15.8,5.2,,0.0,E,30,17:22,-15.9,81,8,NE,19,979.8,-16.8,84,8,NE,13,980.8
2015-05-16,-19.7,-12.4,2.0,,0.0,SW,37,15:40,-13.0,86,8,W,17,979.1,-12.9,86,8,SW,31,979.6
2015-05-15,-21.9,-12.8,0,,0.0,NNE,37,01:07,-19.1,86,6,SSE,19,982.2,-17.3,64,8,SE,19,982.2
2015-05-14,-14.8,-10.7,0,,3.9,WNW,46,14:20,-14.2,75,3,NE,17,968.5,-14.2,86,5,N,22,974.5
2015-05-13,-20.4,-5.9,0,,0.0,E,176,13:36,-11.2,88,8,E,120,958.6,-10.1,89,8,E,120,950.6
2015-05-12,-17.6,-9.9,0,,5.2,SSE,28,23:25,-15.6,69,1,NE,9,987.8,-18.7,74,1,S,15,986.1
2015-05-11,-15.7,-7.4,0,,0.4,E,57,01:20,-10.5,74,7,SSE,17,987.0,-9.9,56,6,SSE,15,990.4
2015-05-10,-17.0,-8.2,0,,0.0,E,72,10:05,-10.5,68,7,ESE,46,981.2,-11.9,70,7,S,31,981.4
2015-05-9,-19.4,-9.8,0,,0.0,E,98,08:27,-13.8,86,7,E,65,975.1,-15.4,76,7,S,13,974.3
2015-05-8,-16.0,-12.7,1.2,,0.0,NE,56,16:44,-14.6,80,8,NE,13,984.0,-13.7,85,8,NE,44,985.4
2015-05-7,-14.7,-13.0,0.2,,1.7,NNE,39,09:18,-14.6,79,6,NNE,24,987.1,-13.3,73,8,ESE,19,988.3
2015-05-6,-11.9,-11.8,1.2,,0.0,NNE,52,19:44,-11.8,88,8,NNE,15,967.9,-13.8,86,8,NNE,28,974.7
2015-05-5,-18.2,-8.0,1.8,,0.0,E,57,02:48,-8.6,74,8,SSE,11,975.5,-9.9,84,8,S,11,973.0
2015-05-4,-26.8,-7.1,2.4,,0.0,ENE,93,13:38,-18.2,83,8,SSE,9,982.6,-10.3,87,8,E,61,975.0
2015-05-3,-27.0,-16.1,0,,6.0,S,46,01:47,-26.3,73,1,SSE,28,986.4,-24.0,65,7,SSE,20,990.9
2015-05-2,-24.5,-20.7,0,,0.0,SSE,48,19:53,-21.8,78,6,S,13,983.4,-23.2,79,8,SSE,24,980.3
2015-05-1,-15.4,-10.2,0,,0.0,ENE,56,03:13,-14.1,60,7,S,6,990.2,-16.8,76,8,SSE,24,988.3
2015-04-30,-12.4,-10.3,5.0,,0.0,NE,46,20:56,-11.8,87,8,NNE,17,983.7,-12.3,88,8,NNE,13,986.6
2015-04-29,-13.9,-9.7,3.0,,0.0,SE,33,08:52,-11.9,85,8,SSE,24,978.3,-10.1,89,8,S,15,977.2
2015-04-28,-15.1,-10.7,1.8,,0.0,N,26,02:35,-12.4,81,7,NNE,9,988.0,-12.0,84,8,NE,2,988.0
2015-04-27,-20.4,-5.3,0,,0.0,SSE,54,13:57,-12.8,60,8,S,24,981.2,-10.4,70,8,SSE,24,977.8
2015-04-26,-17.5,-12.0,0,,1.9,NE,35,22:23,-16.0,67,4,ENE,15,996.1,-18.8,73,4,ENE,19,994.8
2015-04-25,-19.7,-15.1,0,,0.2,SSE,24,02:16,-15.6,100,8,NE,6,987.8,-16.2,55,8,E,17,993.8
2015-04-24,-20.7,-14.8,0,,4.0,SSE,31,21:31,-15.4,81,2,NNE,13,997.8,-17.2,77,7,S,24,995.1
2015-04-23,-17.2,-9.8,0,,5.2,ESE,52,03:25,-15.0,60,2,SE,13,992.5,-10.4,56,7,ESE,28,998.5
2015-04-22,-18.6,-12.8,0,,0.0,NE,43,11:49,-15.8,81,8,NNE,24,969.7,-16.9,73,8,N,9,973.2
2015-04-21,-19.1,-13.3,0.4,,0.4,S,30,05:29,-14.5,79,8,S,9,974.4,-16.9,74,3,SSE,9,971.9
2015-04-20,-20.8,-12.8,0,,0.0,S,37,14:35,-18.4,70,7,S,20,974.9,-17.5,76,8,S,24,974.5
2015-04-19,-21.0,-13.4,0,,4.0,SE,31,01:45,-18.0,70,6,SSE,17,970.0,-14.5,67,5,NE,15,973.3
2015-04-18,-21.2,-12.2,0,,0.2,ENE,57,18:09,-17.4,77,3,ESE,13,971.1,-13.1,75,8,NE,31,972.1
2015-04-17,-13.4,-10.2,0,,0.0,N,31,03:22,-12.5,88,7,NE,7,975.3,-10.7,90,7,NE,13,972.8
2015-04-16,-8.9,-7.2,0.4,,0.0,NNE,35,12:24,-7.3,89,8,N,15,963.4,-8.1,86,8,NNE,24,969.1
2015-04-15,-10.4,-2.9,4.6,,0.7,ENE,78,10:35,-3.1,87,8,ENE,54,956.6,-4.8,68,7,E,48,960.6
2015-04-14,-17.7,-1.7,0,,0.0,E,139,09:50,-8.5,88,7,E,107,951.1,-7.0,92,8,E,106,943.3
2015-04-13,-11.5,-4.7,0,,0.0,ENE,39,18:06,-10.3,87,8,WNW,17,982.1,-11.7,78,8,N,20,980.1
2015-04-12,-6.2,-1.1,0,,0.0,ENE,122,01:49,-1.3,88,8,NNW,43,977.4,-6.4,89,8,WNW,33,984.3
2015-04-11,-23.0,1.2,3.0,,0.0,ENE,144,20:10,-6.2,89,,NE,76,990.8,-4.2,92,,ENE,72,984.3
2015-04-10,-23.2,-5.2,0,,5.1,S,39,21:40,-20.8,67,1,WSW,17,996.5,-21.1,66,5,SW,17,1001.0
2015-04-9,-22.6,-15.5,0,,0.0,ENE,28,02:06,-19.6,67,6,SSE,13,982.9,-16.4,72,8, ,Calm,985.7
2015-04-8,-23.6,-18.6,0,,5.6,WNW,39,13:27,-20.5,66,3,WNW,28,974.5,-19.1,69,7,WNW,26,977.4
2015-04-7,-21.1,-16.5,0,,2.2,ENE,37,09:22,-17.3,72,7,ENE,26,977.9,-17.9,47,1,NNE,13,977.7
2015-04-6,-21.2,-17.2,0,,2.4,NE,39,07:09,-17.9,75,5,NE,24,975.8,-17.9,78,7,SSE,7,976.2
2015-04-5,-20.9,-15.1,0.6,,9.7,SE,43,12:23,-19.1,72,1,SSE,17,981.7,-18.0,71,2,S,19,981.0
2015-04-4,-13.4,-13.2,0,,0.0,WNW,52,10:38,-13.4,74,8,WNW,35,983.8,-15.4,70,7,NW,33,983.1
2015-04-3,-13.4,-8.8,0,,0.8,N,30,00:45,-9.8,75,2,NE,15,975.7,-9.7,72,8,N,9,977.1
2015-04-2,-15.9,-8.6,0.6,,2.4,S,50,01:16,-13.4,85,8,S,26,971.3,-11.0,87,7,S,15,971.7
2015-04-1,-16.3,-5.7,0,,0.0,S,72,23:04,-15.9,79,8,SSE,37,970.7,-11.3,75,8,SSE,31,966.0
