254.0,23.0,true
2016-04-20,10.6,25.6,0,5.0,8.4,NNW,39,12:50,13.3,58,7,NNW,15,1019.9,25.3,23,5,NW,17,1017.8
2016-04-19,11.4,24.5,0,3.8,9.1,NNW,44,10:47,18.1,39,3,NNW,22,1016.2,23.3,16,5,N,17,1015.7
2016-04-18,7.2,20.7,0,3.0,8.1,NNW,39,10:07,11.4,65,4,N,19,1023.1,18.2,46,6,ESE,15,1017.8
2016-04-17,5.8,16.9,0,2.8,9.9,ESE,24,15:03,11.1,62,3,N,13,1027.5,15.2,49,1,ESE,15,1024.9
2016-04-16,11.4,17.2,0,4.0,5.5,SSW,48,17:11,13.3,66,7,SW,15,1020.5,16.0,37,5,WSW,26,1020.7
2016-04-15,10.9,21.3,0,2.0,5.2,NNW,46,21:47,14.6,65,5,NNW,15,1018.2,20.1,41,7,NNW,22,1013.3
2016-04-14,8.8,19.6,0,3.6,3.9,NNW,30,10:36,11.0,71,7,NNW,13,1028.5,19.0,47,6,NW,9,1024.6
2016-04-13,9.0,15.4,0,2.6,8.7,ESE,28,14:05,11.4,68,7,NNW,6,1029.0,14.6,48,6,SE,17,1028.0
2016-04-12,10.6,18.7,0,3.4,5.6,SW,39,14:10,14.6,65,1,N,11,1021.8,16.8,39,6,SW,24,1021.9
2016-04-11,11.6,16.5,0,8.6,4.8,SW,48,07:37,12.8,43,6,WSW,17,1014.0,14.3,44,6,SW,28,1015.8
2016-04-10,14.8,21.1,0,5.0,4.9,NW,81,12:42,17.6,47,7,NW,22,1004.6,18.6,42,7,WNW,33,1002.5
2016-04-9,13.5,20.7,0,4.8,7.6,NW,59,20:58,18.5,47,2,NW,22,1013.9,18.9,40,6,NW,28,1010.3
2016-04-8,11.7,24.0,0,3.6,8.6,NW,52,12:54,16.2,59,4,N,17,1016.3,22.8,38,6,NW,24,1014.4
2016-04-7,6.8,18.3,0,2.6,8.9,NW,46,12:15,12.1,53,1,N,24,1019.2,17.8,42,5,NW,26,1017.6
2016-04-6,13.0,18.0,0,6.2,3.0,SSW,41,14:44,13.8,65,7,SW,6,1009.9,14.3,56,6,SW,20,1009.8
2016-04-5,13.0,25.8,0,4.6,3.8,NW,80,13:11,15.5,54,7,NNW,22,1004.7,24.6,33,6,NW,33,999.8
2016-04-4,11.9,22.2,0,4.2,10.3,NNW,41,01:02,15.6,54,7,NNW,26,1020.0,21.5,35,7,N,22,1015.5
2016-04-3,9.5,20.2,0,5.2,8.8,NW,43,13:40,13.4,58,3,NNW,17,1023.1,18.6,39,4,NW,20,1021.7
2016-04-2,12.5,18.4,1.2,7.0,6.7,W,80,17:21,13.9,46,2,NW,28,1007.3,17.8,30,6,W,41,1009.1
2016-04-1,14.1,23.5,0,5.8,2.0,NW,65,16:49,19.0,58,7,NNW,26,1007.9,22.8,33,7,NW,28,1003.0
2016-03-31,10.1,24.8,0,3.8,8.8,NNW,44,11:16,14.3,64,1,NW,11,1015.1,23.7,35,5,WNW,20,1011.6
2016-03-30,10.7,21.1,0,3.6,7.8,NNW,28,13:04,13.8,63,7,SE,6,1019.6,18.0,45,6,SSE,19,1016.9
2016-03-29,7.2,20.7,0,5.8,9.5,SE,35,16:03,10.7,70,1,NNW,13,1022.9,19.8,32,2,NE,11,1020.7
2016-03-28,8.5,19.5,0,3.8,10.5,NW,33,11:54,12.3,61,2,NNW,17,1019.3,17.2,39,5,SSW,9,1017.0
2016-03-27,8.1,19.3,0,3.0,8.2,WNW,39,15:25,12.0,54,1,NNW,22,1018.7,18.5,32,4,NW,20,1017.0
2016-03-26,13.9,20.3,0,4.4,3.6,SW,56,16:32,18.2,55,6,NNW,24,1012.3,19.3,45,7,SW,24,1013.1
2016-03-25,11.4,21.0,0,3.4,3.4,NNW,43,11:31,13.9,55,7,NNW,28,1013.9,19.8,41,7,SW,17,1012.7
2016-03-24,8.5,18.8,0,3.6,10.8,SE,30,16:30,12.3,66,5,NNW,13,1020.4,18.6,43,1,SE,17,1017.0
2016-03-23,11.6,20.0,0,3.8,3.5,NNW,41,10:30,15.4,71,5, ,Calm,1013.9,19.7,50,7,NW,24,1012.7
2016-03-22,10.1,21.1,0,3.8,10.7,NW,24,07:27,13.1,80,1,NW,13,1022.1,20.4,51,1,ESE,13,1018.3
2016-03-21,10.2,18.3,0,2.6,7.6,ESE,30,14:20,13.5,65,7,N,6,1024.5,16.9,58,3,ESE,20,1022.9
2016-03-20,11.2,15.7,0.2,2.0,0.6,SW,31,23:25,13.2,56,7,SW,2,1023.8,15.4,53,6,ESE,17,1022.8
2016-03-19,10.5,15.8,5.0,4.2,2.6,SW,57,09:29,11.5,58,4,SSW,15,1010.7,15.2,41,7,SW,13,1015.9
2016-03-18,14.9,17.4,5.0,7.2,0.0,SSW,74,13:34,17.1,93,8,SSE,9,989.9,13.6,71,8,SSW,39,992.5
2016-03-17,11.6,28.1,0,3.0,10.0,N,54,13:26,14.9,66,1,NNW,33,1013.2,27.2,35,4,N,33,1005.7
2016-03-16,12.9,19.8,0.2,2.8,4.1,NE,37,16:22,14.5,60,7,N,11,1027.0,19.7,46,7,NE,17,1023.0
2016-03-15,11.8,16.0,0.2,4.8,0.0,ESE,35,02:36,14.2,48,7,SE,17,1031.0,15.4,49,8,ESE,19,1030.3
2016-03-14,13.7,18.9,1.2,3.0,2.1,SSW,57,12:11,14.4,56,7,SSW,35,1021.4,15.1,72,7,SSW,30,1023.9
2016-03-13,16.4,23.7,0.8,4.0,5.0,SE,33,14:53,16.9,95,8,ESE,6,1021.6,23.2,64,1,SE,19,1018.3
2016-03-12,17.4,23.6,0,2.4,4.8,S,35,16:34,18.3,91,8,ESE,9,1018.9,23.0,63,2,SE,17,1019.1
2016-03-11,12.4,22.7,0.4,3.8,1.7,NNW,28,00:44,17.4,84,8,N,9,1020.8,22.2,67,7,ENE,13,1017.2
2016-03-10,9.7,18.9,0.2,6.8,4.3,SE,31,15:11,12.5,67,7,NNW,17,1026.0,18.2,58,8,SE,20,1023.7
2016-03-9,15.0,29.0,1.0,3.8,8.5,NNW,63,14:01,21.1,72,4,NNW,15,1008.7,24.9,41,7,NW,39,1011.1
2016-03-8,13.2,22.7,0.2,4.8,5.6,N,31,19:19,15.1,67,7,NNW,9,1026.7,21.8,58,5,SE,17,1021.6
2016-03-7,15.9,22.4,2.6,4.2,3.7,SE,41,14:27,17.1,85,7,SSE,7,1021.2,19.0,63,7,SSE,26,1022.6
2016-03-6,16.2,21.4,0,6.6,7.2,SE,35,15:35,19.2,72,6,NNW,11,1020.3,19.7,70,7,SE,19,1019.9
2016-03-5,13.9,25.6,0,4.8,11.4,SE,43,14:58,18.3,65,1,SE,7,1017.8,24.4,36,1,SE,13,1017.4
2016-03-4,14.3,23.1,0,6.4,8.6,SE,28,11:14,19.1,64,2,N,4,1019.4,21.7,56,6,SE,15,1016.2
2016-03-3,13.3,21.5,0,6.2,10.8,SE,31,11:12,17.5,55,1,NNW,9,1022.3,20.7,51,3,SSE,19,1021.1
2016-03-2,18.2,31.6,0,5.4,11.7,WNW,48,12:35,21.8,52,3,NNW,22,1013.8,23.6,52,6,SE,30,1012.6
2016-03-1,14.2,28.1,0,3.0,9.3,N,52,14:45,18.4,64,2,N,15,1021.1,26.4,39,6,NNW,28,1015.5
2016-02-29,11.8,20.1,0,1.6,0.2,NE,28,15:13,14.2,68,8,N,11,1026.8,18.5,57,7,NE,11,1024.6
2016-02-28,17.5,19.5,0,7.8,0.0,NW,63,02:26,18.1,51,7,NW,9,1015.8,13.5,82,8,S,11,1020.2
2016-02-27,15.1,25.9,0,5.8,11.1,NW,50,11:19,18.3,57,6,NNW,26,1016.1,25.4,37,3,NW,30,1015.4
2016-02-26,14.6,22.1,0,8.0,5.6,NW,94,01:37,15.5,49,6,NW,20,1007.8,20.4,38,5,NNW,17,1009.8
2016-02-25,14.5,24.1,5.6,3.4,7.5,WNW,70,22:58,16.8,72,3,NNW,19,1006.7,21.6,53,7,WNW,24,1002.4
2016-02-24,19.7,26.9,0,10.0,1.6,NW,59,01:41,22.7,50,7,NW,13,1005.2,19.3,76,7,ESE,31,1006.2
2016-02-23,15.0,32.7,0.8,3.4,8.8,NW,72,20:24,20.0,66,6,NNW,11,1013.7,27.8,43,7,E,13,1006.3
2016-02-22,15.9,22.4,0.2,5.8,6.8,ESE,31,16:24,17.2,87,8, ,Calm,1022.0,22.0,55,5,SE,15,1020.1
2016-02-21,11.2,22.0,0,6.2,12.3,SE,31,14:18,16.0,65,1,N,9,1027.0,21.1,58,1,SE,20,1024.5
2016-02-20,12.5,24.5,0,8.0,11.7,NNW,48,12:44,16.1,51,2,NNW,24,1017.7,23.5,35,5,NW,24,1019.0
2016-02-19,13.1,20.5,0,3.4,7.7,W,59,17:39,15.5,54,7,SW,20,1007.4,19.3,27,4,NW,26,1008.7
2016-02-18,13.6,18.0,0,6.0,4.6,ESE,26,16:03,16.2,69,7,NNW,9,1008.6,17.4,69,7,ESE,13,1006.4
2016-02-17,9.4,21.1,0.4,4.8,9.8,SW,52,10:54,14.1,52,5,SSW,20,1009.7,19.5,26,6,SSW,19,1008.4
2016-02-16,8.2,15.8,10.8,7.6,9.6,WSW,69,10:40,9.6,69,6,WSW,24,1009.3,15.1,39,5,WSW,26,1009.8
2016-02-15,11.0,22.0,0,7.8,3.4,NW,94,14:21,14.6,97,7,NNW,20,1006.2,21.0,34,7,NW,54,996.1
2016-02-14,14.2,22.3,0,8.8,11.3,WNW,67,13:03,16.9,52,4,NW,28,1002.0,20.7,38,5,WNW,24,1001.8
2016-02-13,17.7,30.3,0.2,6.6,10.1,NNW,48,13:45,19.3,48,6,NNW,15,1005.1,29.9,23,1,NW,24,1000.4
2016-02-12,14.9,26.3,0,6.2,9.2,NNW,54,21:32,17.8,73,7,NE,13,1018.3,24.1,55,4,SE,20,1012.9
2016-02-11,13.8,21.2,0,5.6,8.8,SE,43,13:05,18.5,64,2,NE,7,1016.3,19.9,51,3,S,24,1016.2
2016-02-10,14.6,23.9,0,7.4,7.1,SSE,41,11:14,18.2,54,7,N,15,1013.4,23.8,38,6,S,13,1011.0
2016-02-9,13.7,27.0,0,8.2,11.9,NW,37,07:55,20.0,47,1,NW,20,1020.9,22.9,46,3,SE,19,1016.9
2016-02-8,15.6,27.0,0,5.6,12.5,SW,50,16:47,20.0,67,1,E,11,1018.5,23.5,49,1,ESE,24,1017.1
2016-02-7,16.1,23.7,0,5.8,5.8,S,35,17:44,19.0,75,7,S,11,1018.6,22.2,61,1,SE,22,1016.7
2016-02-6,16.4,24.6,0,4.6,9.1,SSE,35,14:20,20.8,65,1,NNW,7,1021.0,22.2,59,2,SE,24,1019.0
2016-02-5,15.6,22.7,0,6.6,9.2,SE,39,16:22,16.8,66,8,SE,9,1023.8,22.1,51,1,SE,20,1021.7
2016-02-4,10.6,21.4,0,7.2,12.3,SE,35,13:51,16.4,52,1,NE,9,1019.0,19.9,46,1,SE,26,1019.0
2016-02-3,17.5,24.3,1.2,8.8,8.3,SW,61,09:22,17.6,78,7,SW,28,1002.9,23.4,31,1,SW,30,1006.0
2016-02-2,17.1,32.0,0.2,6.0,12.5,SSW,44,18:20,22.1,63,1,N,20,1006.5,31.3,30,1,NNE,11,1002.2
2016-02-1,16.8,25.2,2.4,1.4,8.6,ESE,28,13:00,19.9,89,8,SSW,13,1006.0,24.0,65,4,SE,15,1005.3
2016-01-31,16.3,20.1,0,4.2,0.7,E,35,06:54,16.8,85,8,E,20,1011.5,18.1,95,8,ESE,13,1007.8
2016-01-30,16.5,21.6,16.2,2.2,3.7,E,35,12:38,18.6,77,7,ESE,13,1015.9,20.5,65,7,ESE,24,1014.5
2016-01-29,17.6,19.2,13.4,5.2,0.3,SE,35,09:50,18.8,93,7,SSW,11,1005.7,16.7,93,8,SE,22,1007.0
2016-01-28,15.6,27.0,1.8,3.0,6.1,ENE,41,13:01,20.3,73,1,N,13,1006.2,23.6,60,7,ENE,13,1001.7
2016-01-27,13.6,20.7,0.4,4.0,2.6,NE,43,14:00,16.3,63,7,NNE,13,1021.3,17.9,65,7,ENE,28,1017.3
2016-01-26,14.0,19.7,0,6.2,2.5,ESE,33,16:58,15.8,63,7,WSW,7,1023.5,19.0,46,7,SE,19,1023.5
2016-01-25,12.2,17.8,0.6,6.2,5.2,SE,37,16:57,14.3,56,7,SW,17,1018.8,16.9,43,5,SSE,24,1019.2
2016-01-24,16.1,26.2,0,6.2,4.8,NNW,39,12:59,19.9,51,5,NNW,20,1011.8,24.2,42,7,WNW,13,1009.8
2016-01-23,14.0,24.4,0,8.6,9.2,SE,37,15:55,19.1,50,5,E,9,1007.9,22.7,39,5,ENE,11,1007.8
2016-01-22,12.5,23.9,0,8.6,12.3,SE,39,14:27,18.1,53,2,N,9,1008.2,22.6,40,7,ESE,19,1005.0
2016-01-21,12.8,22.7,0,9.0,11.9,SE,41,15:03,17.7,35,7,N,22,1007.5,21.7,36,1,ESE,24,1005.0
2016-01-20,15.7,19.5,0,6.8,7.0,SE,44,14:54,15.7,77,7,S,13,1008.4,19.1,52,1,SE,22,1008.4
2016-01-19,15.8,24.1,0,5.6,7.3,SE,39,14:30,20.0,64,7,E,7,1010.2,22.0,61,6,SE,28,1006.9
2016-01-18,15.5,24.2,0,7.6,11.3,SW,31,20:08,18.8,67,6,NNW,6,1017.1,22.5,51,7,SE,19,1013.0
2016-01-17,15.2,25.3,0,7.6,11.2,SSW,41,19:43,18.2,59,6,NNW,20,1025.4,23.9,48,3,ESE,20,1021.2
2016-01-16,10.9,20.1,0,9.2,11.1,ESE,41,12:54,16.9,55,2,NNE,11,1029.8,18.8,54,1,ESE,28,1028.0
2016-01-15,9.8,21.2,2.4,4.4,10.8,SSW,46,11:33,13.2,48,7,WSW,20,1029.4,18.4,46,2,SE,19,1028.0
2016-01-14,15.9,17.9,0.6,13.0,4.0,SW,54,14:02,16.6,46,7,NW,19,1009.4,15.5,50,6,SW,20,1013.4
2016-01-13,13.3,34.4,0.4,5.6,11.1,,,,20.7,58,1,N,26,1013.1,33.2,24,6,NNE,19,1005.0
2016-01-12,13.9,20.7,4.4,6.6,3.5,SSW,33,06:19,14.7,77,7,SSE,20,1015.6,17.7,53,1,SE,20,1016.7
2016-01-11,16.4,22.7,0,7.4,6.6,SE,43,13:32,18.1,75,5,ESE,9,1009.0,19.7,64,6,SE,28,1007.7
2016-01-10,15.2,26.1,0,10.2,8.6,SSE,39,16:44,18.9,62,7,N,11,1018.5,24.3,48,6,SE,24,1012.5
2016-01-9,14.5,28.2,,7.6,11.9,ESE,46,16:24,21.8,33,1,NW,17,1015.6,26.5,21,2,ESE,15,1014.3
2016-01-8,14.1,28.5,0,8.2,8.0,,,,20.7,48,7,NNW,22,1016.0,27.1,38,7,WSW,20,1015.0
2016-01-7,14.1,23.3,0,7.2,10.1,SSE,41,16:33,16.6,65,7,SE,13,1019.5,21.5,37,6,ESE,19,1015.9
2016-01-6,15.1,19.5,0,4.2,7.7,SSE,41,16:27,16.7,69,7,ESE,15,1022.1,18.7,,3,SE,24,1021.5
2016-01-5,14.3,20.9,0,4.0,0.5,SE,26,11:11,16.9,67,7,NE,11,1024.8,20.0,50,7,ESE,13,1020.9
2016-01-4,10.4,20.2,0,7.6,3.9,ESE,35,16:48,15.9,62,6,SE,7,1027.7,19.0,51,7,ESE,20,1026.2
2016-01-3,12.7,20.6,0,7.8,9.3,ESE,35,16:55,16.2,53,6,SSE,19,1026.4,18.9,38,5,ESE,20,1024.9
2016-01-2,13.9,17.3,0,6.4,6.2,SSE,44,17:08,14.4,57,7,SSW,20,1021.7,16.6,53,6,SE,24,1021.8
2016-01-1,17.3,18.9,0,6.0,4.5,SSE,41,11:23,18.5,75,7,SE,22,1016.3,18.1,70,7,SE,24,1016.8
2015-11-30,12.1,26.8,1.4,4.2,9.8,NNW,43,18:10,16.3,61,5,NNW,17,1007.4,25.4,25,3,N,17,1000.6
2015-11-29,11.9,17.3,0,7.4,2.6,SSE,33,14:05,15.9,68,7,NE,9,1011.9,15.8,66,7,SE,24,1011.1
2015-11-28,11.0,21.7,0,7.2,11.8,NW,43,06:52,16.1,53,7,NW,22,1013.4,19.2,43,5,ESE,15,1012.8
2015-11-27,4.8,17.5,1.8,4.4,9.4,NW,54,23:03,11.8,48,3,NNW,15,1006.3,15.5,37,6,NNW,22,1005.5
2015-11-26,8.9,13.3,2.6,8.6,10.0,WSW,87,13:36,11.1,32,1,WNW,30,993.3,9.8,47,6,W,31,998.0
2015-11-25,14.2,21.7,0,10.6,3.3,NW,98,13:17,17.8,48,7,NW,24,996.4,19.7,38,7,NW,43,990.1
2015-11-24,14.4,24.1,0,11.2,9.5,NNW,61,12:29,16.3,46,7,NNW,30,1005.1,22.4,32,2,NNW,28,1001.9
2015-11-23,13.7,21.3,0,10.6,10.8,NW,78,13:02,16.3,51,6,NW,28,1005.3,20.5,32,7,WNW,30,1004.3
2015-11-22,11.8,22.2,0,8.8,7.5,NW,63,07:17,15.0,47,7,NW,37,1011.4,21.1,30,5,WNW,26,1007.7
2015-11-21,11.9,21.0,1.2,6.2,11.3,NW,59,15:12,13.7,41,3,SSE,20,1012.6,20.2,36,2,NW,33,1012.1
2015-11-20,14.1,22.7,0,10.6,9.7,SW,61,14:10,17.5,47,3,N,24,1006.3,20.5,39,4,WSW,19,1003.2
2015-11-19,12.4,25.8,0,2.6,10.4,W,70,16:32,22.5,40,5,SE,13,1002.6,24.3,22,7,W,17,1004.8
2015-11-18,12.2,22.7,0,5.4,7.9,NW,33,06:22,17.1,59,2,SE,20,1007.6,18.0,64,1,E,19,1008.4
2015-11-17,13.3,21.9,0,7.6,6.3,SSE,26,16:38,16.4,63,7,NNW,9,1012.3,19.3,61,7,ESE,15,1007.4
2015-11-16,8.5,20.0,0,4.0,11.9,SE,39,14:38,15.4,56,5,E,9,1018.5,17.8,55,1,SE,28,1016.1
2015-11-15,6.2,18.5,1.2,3.4,13.0,SSE,35,16:05,13.1,57,1,NNW,9,1022.2,17.9,40,1,SE,17,1019.4
2015-11-14,12.0,14.7,0.6,7.4,3.8,NNW,44,02:45,13.1,73,7,S,13,1015.3,12.3,70,7,SSE,19,1017.0
2015-11-13,11.4,19.5,27.4,0.8,9.7,SW,54,13:39,12.7,92,7,S,17,1013.0,17.8,34,2,SSW,26,1012.1
2015-11-12,11.1,14.0,0.8,5.4,0.1,ESE,30,16:29,12.4,84,7, ,Calm,1023.7,13.4,94,8,SE,17,1018.9
2015-11-11,6.1,16.8,0,7.2,6.4,ESE,33,16:38,11.9,56,7,NNE,7,1028.7,16.3,41,6,SE,19,1027.3
2015-11-10,11.5,17.7,0,6.6,9.9,WSW,54,03:36,14.0,43,7,SW,20,1018.3,15.3,38,5,SE,22,1019.3
2015-11-9,12.9,32.5,0,6.2,4.4,NNW,61,00:14,21.4,33,7,NW,6,1011.3,31.9,17,7,NW,37,1006.2
2015-11-8,7.2,26.6,0.8,5.2,7.8,NNW,50,10:52,13.0,56,4,NW,15,1018.9,24.5,18,3,NW,22,1014.6
2015-11-7,11.2,14.7,0.4,3.6,8.5,S,54,10:21,11.7,85,7,S,24,1013.7,13.0,56,4,SE,28,1017.0
2015-11-6,15.2,18.8,0,3.8,3.0,SW,39,19:50,16.7,81,7,E,7,1004.3,16.5,74,7,ESE,19,1002.8
2015-11-5,11.1,25.1,0,6.4,3.0,NNW,35,02:22,15.5,61,7,NNW,20,1013.1,24.6,38,7,N,17,1007.7
2015-11-4,5.5,19.9,0,3.2,11.1,NE,39,14:18,12.9,46,1,N,9,1023.7,18.9,35,4,ENE,20,1018.5
2015-11-3,4.9,13.2,0.8,4.4,2.2,ESE,33,09:39,10.1,49,7,SSW,13,1024.5,11.4,47,7,SE,11,1024.4
2015-11-2,8.4,13.0,0.8,8.0,2.5,S,54,13:14,10.4,60,7,S,15,1011.6,9.8,71,7,SSW,20,1014.8
2015-11-1,13.8,28.8,0.6,4.2,8.9,ESE,43,16:04,20.3,65,1,NNE,11,1004.2,25.8,47,6,SW,19,997.5
2015-10-31,11.8,23.1,0.6,4.4,9.1,N,44,10:40,17.5,61,1,NNW,11,1020.2,22.2,43,5,NNE,22,1013.6
2015-10-30,11.5,18.3,0,5.8,7.3,SE,35,13:49,15.1,72,7,ESE,13,1024.0,16.1,62,1,SE,24,1023.0
2015-10-29,10.1,16.4,0,4.2,6.5,SE,33,14:26,12.1,64,7,SE,9,1026.6,14.8,62,2,SE,19,1025.2
2015-10-28,6.2,17.2,0,5.8,10.4,SE,41,13:51,12.9,63,1,N,7,1025.2,15.6,56,1,SE,31,1022.7
2015-10-27,7.1,17.3,0,3.8,12.0,SE,31,15:03,10.9,50,2,N,20,1032.8,17.1,39,0,ESE,19,1028.8
2015-10-26,9.5,13.6,0,4.8,6.0,SSW,65,11:52,10.4,59,7,S,28,1018.5,11.9,51,7,SSE,30,1024.5
2015-10-25,7.6,22.8,0,6.4,7.8,SE,39,14:59,13.5,59,7,NW,15,1015.4,20.4,41,5,ESE,17,1010.9
2015-10-24,5.9,16.0,0,5.6,12.7,S,30,12:40,12.9,52,2,N,13,1020.4,15.2,48,5,SE,15,1019.5
2015-10-23,4.8,16.7,0,3.0,11.9,SE,33,16:36,11.5,55,1,N,11,1022.6,15.3,44,1,E,22,1020.0
2015-10-22,5.7,15.9,0.2,4.6,5.3,E,30,15:33,10.9,54,4,N,15,1020.8,13.3,49,7,W,7,1019.0
2015-10-21,9.7,14.8,2.0,3.4,9.1,SSW,59,05:21,9.8,88,7,SSW,30,1012.2,14.7,37,2,S,22,1015.5
2015-10-20,9.2,22.7,0,4.0,2.7,NW,46,14:54,12.9,75,7, ,Calm,1013.8,21.5,39,6,N,20,1008.1
2015-10-19,5.9,15.9,0,4.6,11.2,SE,37,14:16,11.1,66,1,NNW,13,1025.1,15.4,58,6,ESE,22,1020.8
2015-10-18,8.9,16.5,0,7.8,10.9,SE,35,15:33,13.0,46,5,NNW,13,1027.7,15.1,48,4,SE,22,1026.2
2015-10-17,6.9,19.7,0,6.8,11.8,SSW,102,18:38,11.7,49,1,NW,33,1015.5,18.9,36,3,WNW,33,1012.5
2015-10-16,11.2,21.7,7.6,9.8,9.1,NW,56,12:41,12.6,89,7,SSW,6,1010.8,20.1,36,3,NW,24,1012.9
2015-10-15,11.8,31.2,0,4.8,8.5,NNW,67,10:50,18.1,51,6,NNW,20,1011.9,30.6,11,2,NW,28,1006.9
2015-10-14,7.6,21.4,0,4.6,9.0,NNW,31,10:50,12.9,66,4,NNW,11,1025.5,18.5,51,2,SE,24,1019.9
2015-10-13,4.0,16.4,0.2,2.2,11.6,SE,33,16:13,10.1,58,1,NNW,9,1027.3,15.8,48,1,SE,17,1024.9
2015-10-12,9.0,11.3,3.4,5.0,1.2,SSW,50,10:25,9.0,87,7,SSW,28,1017.5,10.6,53,7,SSW,26,1020.1
2015-10-11,9.3,17.8,0,4.0,8.5,SE,35,13:02,11.6,89,6,SE,7,1015.2,16.5,62,4,SE,22,1012.9
2015-10-10,7.4,18.2,0,5.2,10.0,SE,28,16:02,12.9,68,1,N,15,1027.4,17.7,59,3,SE,17,1022.2
2015-10-9,6.0,15.7,0,3.8,11.1,SE,37,13:12,11.5,69,1,N,6,1032.6,13.6,63,1,SE,24,1030.0
2015-10-8,4.9,16.0,0.2,6.0,11.4,SE,30,14:11,10.2,59,1,NNW,9,1039.3,15.1,43,1,SE,20,1035.6
2015-10-7,7.7,17.8,0,11.8,12.6,NW,72,23:28,11.1,41,2,W,26,1029.8,15.9,33,2,S,11,1032.8
2015-10-6,12.8,31.7,0,8.6,6.6,NW,83,12:15,24.0,25,7,NW,15,1002.9,26.4,22,7,NW,33,1001.8
2015-10-5,12.3,29.0,0,8.8,11.3,NW,74,14:05,15.5,38,3,NNW,33,1012.2,28.3,19,6,WNW,33,1008.5
2015-10-4,13.7,22.2,0.2,15.2,10.7,W,87,02:17,15.7,35,1,N,13,1014.6,21.5,23,1,NW,28,1015.3
2015-10-3,15.7,29.1,0,8.0,10.4,WNW,96,08:40,26.4,16,2,WNW,46,1013.4,27.8,16,6,NW,41,1008.9
2015-10-2,11.5,26.7,0,6.8,9.7,NNW,69,11:38,15.7,39,2,N,33,1022.5,24.7,19,6,NW,30,1018.3
2015-10-1,6.3,18.9,0,3.2,7.0,WSW,83,13:40,11.9,56,5,NNW,22,1016.4,17.0,39,5,WNW,44,1014.4
2015-09-30,8.5,15.2,4.0,2.0,7.2,SW,44,03:36,10.4,51,6,SSW,20,1022.8,12.2,53,1,SE,17,1021.2
2015-09-29,8.4,13.7,9.6,1.0,1.3,NW,46,02:27,10.8,73,7,WNW,2,1012.2,11.5,74,7,E,6,1011.2
2015-09-28,9.8,12.4,0,3.4,0.0,SSW,24,10:34,11.9,81,8, ,Calm,1018.7,10.9,85,8,SSE,13,1016.8
2015-09-27,8.3,14.8,0,3.6,5.4,ESE,28,13:40,10.0,86,7,NE,6,1025.9,14.4,63,5,SE,17,1021.8
2015-09-26,7.9,17.5,0.2,2.8,11.3,N,31,08:25,13.1,61,1,N,20,1032.7,16.3,52,1,SE,20,1028.6
2015-09-25,8.0,13.8,0,2.6,9.7,SSE,26,15:31,11.0,69,6,N,13,1036.9,13.3,65,2,SE,17,1034.9
2015-09-24,5.2,15.0,1.2,2.8,5.4,S,31,12:12,12.4,54,2,N,13,1034.4,13.4,68,7,SE,17,1032.6
2015-09-23,5.6,12.7,0.6,3.2,1.3,SW,33,11:13,9.2,46,7,SW,19,1035.3,11.5,52,7,SSE,15,1033.0
2015-09-22,4.6,10.6,1.6,3.2,8.1,S,61,14:19,7.0,60,5,SW,22,1022.9,7.7,73,2,SW,7,1026.9
2015-09-21,8.9,20.6,0,3.2,3.9,SW,57,13:53,11.6,60,7,NNW,11,1009.0,14.0,56,7,SW,28,1006.6
2015-09-20,5.9,20.4,0,3.8,6.8,SSW,30,16:15,12.5,61,1,NNE,6,1020.3,19.2,44,7,NNW,9,1015.1
2015-09-19,6.8,19.3,0,2.4,8.8,SSW,31,16:57,12.4,61,1,NNW,17,1025.8,18.2,34,4,NNW,13,1021.3
2015-09-18,8.4,17.7,0,2.8,9.6,NNW,30,13:11,11.7,63,1,ENE,9,1028.5,14.2,57,1,ESE,20,1027.0
2015-09-17,4.2,17.9,0,3.0,7.7,SW,50,12:33,11.6,52,7,N,19,1014.5,16.6,40,7,SSW,19,1015.6
2015-09-16,3.6,12.7,1.0,3.0,10.1,S,37,00:22,9.7,52,1,N,11,1016.5,10.9,52,2,ESE,17,1014.3
2015-09-15,15.0,17.5,0,7.6,1.3,NNW,50,02:32,15.8,48,7,NNW,20,1005.4,12.5,78,7,SSW,28,1007.4
2015-09-14,12.9,26.9,0,3.8,7.0,N,61,13:26,19.4,39,7,NNW,19,1013.6,26.2,24,1,N,28,1006.9
2015-09-13,10.0,22.6,0,2.2,8.7,NNW,31,09:28,13.4,75,5,NNW,17,1022.1,18.8,50,7,E,11,1018.6
2015-09-12,11.8,19.2,0,4.6,7.8,WNW,37,00:58,18.7,51,1,N,15,1020.6,13.7,76,1,SE,24,1021.8
2015-09-11,7.1,19.2,0,5.6,8.2,NW,50,12:10,11.9,56,7,NNW,24,1022.5,19.1,29,7,NNW,22,1017.4
2015-09-10,10.5,18.4,0.2,2.0,8.2,NW,63,21:06,13.6,58,1,NNW,35,1026.1,17.0,42,6,NNW,30,1024.3
2015-09-9,5.6,16.4,1.8,1.4,5.7,W,39,09:42,10.6,67,7,NE,6,1020.3,16.0,43,6,SW,15,1019.3
2015-09-8,7.7,14.8,0.4,1.0,4.4,SSW,39,13:26,9.5,92,7,NNW,9,1012.9,14.5,50,3,SW,22,1013.9
2015-09-7,7.9,14.7,2.4,2.8,5.8,NE,31,14:01,10.8,87,4,NE,2,1006.7,11.7,70,5,SSW,6,1004.2
2015-09-6,5.8,14.0,0.2,2.4,4.5,N,41,13:30,8.3,68,7,N,13,1022.5,13.3,44,7,N,26,1016.4
2015-09-5,6.9,11.2,0,3.0,4.7,WSW,43,03:07,9.6,65,6,S,19,1022.1,8.0,79,7,SSE,19,1023.1
2015-09-4,2.3,15.8,0.2,3.6,9.5,NW,61,10:05,10.4,49,5,NNW,22,1016.9,15.2,40,4,NNW,33,1014.1
2015-09-3,6.3,12.8,1.2,2.0,8.1,SSW,44,12:26,9.6,62,2,SSW,20,1014.3,10.9,44,1,SSW,19,1016.3
2015-09-2,3.7,15.8,0,0.6,6.2,NNW,30,11:14,6.3,85,2,NW,15,1012.5,13.2,49,7,ESE,7,1008.3
2015-09-1,4.3,12.5,0.4,1.0,4.5,SE,19,16:09,7.6,83,7,N,4,1017.0,10.3,71,3,ESE,11,1014.2
2015-08-31,6.2,11.9,2.4,1.2,2.7,S,31,14:52,7.7,90,7,SSW,15,1022.3,11.0,60,7,SSW,22,1019.5
2015-08-30,6.0,10.6,1.0,0.2,4.2,SSW,41,11:17,7.4,81,8,S,17,1026.0,9.3,69,7,S,24,1024.1
2015-08-29,3.5,8.3,25.6,4.2,0.4,S,67,08:01,8.0,91,7,S,31,1022.2,7.8,81,8,S,24,1023.1
2015-08-28,4.6,8.8,2.0,1.8,6.0,S,65,15:40,6.3,67,6,SSW,20,1026.9,5.8,78,6,SSW,20,1024.6
2015-08-27,4.2,11.6,0,1.4,0.8,SSW,28,18:07,7.2,77,8,NNW,7,1024.5,11.0,70,7,ESE,13,1021.7
2015-08-26,3.1,15.2,0,2.2,10.2,W,48,23:24,5.7,76,0,NNW,20,1030.9,13.4,48,1,SE,11,1027.3
2015-08-25,1.6,13.2,0,1.6,10.3,NW,24,08:24,6.2,68,1,NNW,15,1029.1,11.9,49,1,SE,13,1028.0
2015-08-24,1.4,12.6,0.6,2.2,10.0,NNW,31,08:59,4.5,85,1,NNW,22,1027.8,11.5,47,1,NNE,13,1025.5
2015-08-23,7.0,9.6,1.6,2.2,2.1,S,44,06:27,7.7,78,7,SSW,13,1018.8,8.0,75,6,S,15,1020.0
2015-08-22,8.5,16.7,0,2.8,6.1,NW,65,04:32,12.8,65,7,NNW,19,1008.4,15.2,44,7,NW,19,1009.4
2015-08-21,3.6,18.0,0,1.6,3.9,N,72,14:23,8.6,69,7,NNW,17,1015.5,16.3,43,7,NNW,41,1009.6
2015-08-20,1.9,13.1,0,2.4,9.6,NNW,30,04:33,3.6,86,1,NNW,17,1025.7,10.8,55,3,ESE,13,1022.5
2015-08-19,2.7,13.2,0,2.2,9.1,N,26,12:08,7.2,70,1,NNW,11,1024.6,12.2,53,5,NW,13,1023.9
2015-08-18,1.8,12.0,3.8,1.4,8.5,W,37,12:43,5.6,66,3,NNW,19,1018.6,11.1,46,6,NNW,17,1018.2
2015-08-17,2.6,8.4,3.0,4.4,5.4,WNW,69,04:20,5.7,51,5,W,22,1005.3,7.0,55,5,WSW,30,1008.6
2015-08-16,4.3,15.8,0,3.6,5.8,NW,87,14:30,10.3,61,7,N,22,1014.6,15.2,45,5,NW,39,1004.1
2015-08-15,2.2,14.2,1.0,1.6,9.1,NNW,33,10:05,4.3,77,0,NNW,24,1031.3,14.1,38,3,NW,19,1026.6
2015-08-14,6.5,17.4,0.2,2.0,8.2,SSW,50,19:07,12.0,58,1,NNW,22,1016.2,15.0,42,7,SW,22,1017.9
2015-08-13,5.8,14.0,0,1.4,7.7,NW,39,13:06,8.1,57,7,NNW,11,1010.9,11.2,48,3,ESE,13,1011.7
2015-08-12,3.2,15.7,0,1.4,4.3,NW,41,13:46,7.5,73,7,NNW,6,1002.0,14.8,45,4,NNW,22,1000.0
2015-08-11,4.4,13.2,0.2,1.0,2.2,NNW,46,12:50,8.2,65,7,NNW,22,1002.2,11.7,47,7,NW,13,1003.0
2015-08-10,3.1,13.6,0,2.0,2.3,NNW,46,15:29,7.9,71,7,NNW,17,1011.1,12.3,51,7,NNW,17,1005.7
2015-08-9,1.1,11.3,0,1.2,5.8,NW,37,09:00,3.1,79,7,NW,26,1019.2,11.0,52,7,NNW,11,1015.1
2015-08-8,1.4,11.9,0,1.4,8.5,NW,24,08:01,4.1,78,1,NNW,17,1025.7,11.8,51,1,NW,11,1022.2
2015-08-7,2.9,12.0,0.2,3.0,8.7,SW,39,13:15,6.1,76,1,NNE,4,1021.6,11.1,50,4,SW,13,1021.5
2015-08-6,3.1,12.4,0,,,NNW,35,12:42,6.1,64,,NE,13,1012.3,11.3,55,8,NW,13,1013.2
2015-08-5,2.5,8.7,5.2,2.0,,WSW,67,00:32,4.2,63,2,NNW,19,1001.8,7.0,60,2,NNW,13,1002.6
2015-08-4,2.9,11.7,5.0,1.0,4.6,WNW,83,23:18,5.8,62,7,NNE,24,1010.6,9.4,65,7,NW,30,1002.6
2015-08-3,1.0,7.2,9.0,4.0,4.3,WSW,63,14:52,4.5,53,2,W,35,999.8,4.8,76,5,SW,30,1007.7
2015-08-2,6.3,12.5,0,4.0,5.4,NW,85,12:28,9.0,51,1,NNW,39,997.0,6.9,60,4,WNW,17,995.4
2015-08-1,6.1,10.1,3.0,2.4,7.8,NNW,67,01:49,6.9,56,4,WNW,22,1000.4,8.5,52,2,NW,28,1004.0
2015-07-31,5.4,11.3,0.2,3.0,7.9,NW,50,00:44,7.4,54,2,NNW,26,1013.2,10.8,44,4,NNW,22,1010.1
2015-07-30,9.6,14.5,0,2.2,3.7,N,80,14:25,10.6,49,7,NW,43,1010.1,13.7,42,7,NNW,41,999.7
2015-07-29,6.7,13.3,0,1.2,4.1,NNW,46,23:41,9.8,68,2,NW,30,1027.0,12.5,53,7,NW,22,1022.8
2015-07-28,7.1,14.6,0.4,1.0,5.6,NNW,39,01:40,9.8,70,7,WNW,15,1025.0,14.1,57,4,E,11,1024.3
2015-07-27,5.0,11.5,4.6,2.8,5.6,SW,57,00:39,7.6,60,7,WSW,20,1015.4,10.7,56,5,SW,13,1016.8
2015-07-26,6.0,9.7,3.4,2.8,6.7,WNW,91,09:32,8.3,53,2,NNW,35,993.0,9.1,58,6,NNW,31,991.9
2015-07-25,5.4,13.2,0,2.2,5.7,NNW,41,17:34,7.3,75,3,NW,13,1002.4,12.1,49,6,NW,15,1001.5
2015-07-24,4.4,15.1,0,2.8,5.2,N,50,15:13,9.6,70,6,NNW,19,1011.3,14.8,45,7,N,30,1002.2
2015-07-23,7.8,15.2,0,2.2,8.7,NNW,48,11:12,9.2,72,1,NE,9,1023.1,14.0,49,6,WNW,9,1021.1
2015-07-22,4.8,14.2,0,3.4,5.5,NW,70,10:52,13.2,51,6,NNW,31,1006.1,12.8,44,2,NNE,9,1010.4
2015-07-21,2.6,13.5,,1.4,2.8,NNW,70,12:58,4.8,72,6,NNW,15,1021.9,13.1,43,7,NNW,35,1016.3
2015-07-20,4.6,14.1,0,2.4,8.8,,,,7.6,70,1,N,6,1029.1,13.9,49,1,NW,15,1025.6
2015-07-19,0.4,12.8,0,0.4,8.1,NNW,44,12:35,4.6,69,4,NW,15,1029.0,11.6,49,3,NNW,20,1026.8
2015-07-18,3.7,11.6,1.2,0.8,4.1,SSW,35,13:12,5.3,69,3,NNW,9,1029.7,9.2,54,7,SW,13,1030.0
2015-07-17,2.3,8.1,1.4,1.6,3.1,S,57,13:30,6.4,82,4,SSW,19,1019.0,7.2,51,5,S,24,1021.8
2015-07-16,1.3,11.2,0.4,0.4,8.4,NNW,22,05:41,3.8,80,1,NW,15,1026.1,11.0,52,1,NW,7,1022.0
2015-07-15,4.5,10.2,0.2,1.2,4.0,S,43,10:22,6.8,71,7,S,17,1020.0,8.3,64,7,S,19,1022.4
2015-07-14,5.1,9.7,0.4,1.8,3.4,SW,39,12:39,6.2,60,6,NW,9,1006.8,8.7,50,7,SSW,17,1006.1
2015-07-13,5.3,12.8,3.8,0.4,5.6,SW,56,06:48,11.1,64,2,SSW,15,1004.6,10.9,56,5,SSW,15,1002.4
2015-07-12,4.0,13.4,0,0.4,2.3,SSW,35,14:41,5.3,89,7,N,2,1009.9,12.6,80,4,SSW,22,1008.3
2015-07-11,5.0,11.7,0.2,2.2,2.7,NNW,31,00:39,6.6,79,3,NW,13,1004.4,11.3,68,7,WSW,9,1003.5
2015-07-10,2.6,13.5,0,0.6,7.2,NNW,39,12:20,7.6,68,4,NNW,20,1014.9,12.9,50,6,N,19,1009.1
2015-07-9,1.4,11.9,0,0.6,7.8,NW,43,07:17,2.6,79,4,W,2,1026.1,11.8,53,6,NNW,15,1022.5
2015-07-8,0.3,10.0,0.4,1.0,8.5,NNW,35,23:46,1.6,83,1,NNW,20,1029.1,9.8,47,1,NNW,17,1026.5
2015-07-7,2.7,9.8,1.8,1.2,5.7,SW,31,02:17,3.3,88,7,NNW,15,1025.9,8.3,67,3,NE,2,1026.1
2015-07-6,4.8,8.1,0,0.6,4.0,S,33,12:26,5.7,68,7,SSW,19,1017.3,7.1,64,6,SSW,17,1017.8
2015-07-5,5.5,10.8,0.2,2.8,1.0,NNW,41,00:59,6.7,72,7,WNW,6,1014.5,9.4,62,7,SE,15,1013.8
2015-07-4,4.8,15.3,0,1.2,7.4,NW,48,15:08,10.9,76,3, ,Calm,1010.1,12.8,36,1,WNW,19,1011.6
2015-07-3,2.0,12.2,0.2,1.6,7.7,NW,63,15:08,4.8,76,1,WSW,13,1021.3,11.1,48,5,NW,35,1015.8
2015-07-2,5.1,8.5,4.2,3.0,5.5,W,67,04:30,6.1,70,1,NNW,22,1011.2,7.2,64,3,SW,15,1016.8
2015-07-1,6.0,14.1,0,1.4,6.9,W,69,20:39,8.8,68,4,N,17,1018.6,13.4,53,4,NNW,31,1009.5
2015-06-30,5.5,14.3,0,3.2,8.1,NNW,35,15:29,7.5,73,1,NW,9,1025.0,13.3,53,6,NNW,20,1022.7
2015-06-29,11.3,16.5,0,4.6,7.5,NW,72,18:13,12.5,59,6,NNW,35,1024.7,15.2,44,1,NNW,28,1023.4
2015-06-28,10.2,14.8,0,2.6,6.8,NNW,61,13:05,11.4,56,2,N,19,1024.1,14.0,58,4,NNW,28,1022.4
2015-06-27,8.3,14.5,0,1.6,8.2,NW,70,01:19,11.1,52,1,NW,20,1023.7,14.2,37,1,NW,24,1020.0
2015-06-26,8.8,16.2,0,1.8,7.0,NW,56,22:01,12.6,72,4,NNW,24,1025.1,15.3,53,2,NW,15,1022.8
2015-06-25,6.6,14.8,0,1.4,7.6,WNW,54,17:15,9.1,66,1,WSW,6,1019.2,14.7,49,2,N,28,1018.4
2015-06-24,7.6,16.8,0,1.0,3.7,NNW,44,16:35,11.2,72,6,N,11,1014.3,16.7,50,5,NNW,13,1010.2
2015-06-23,2.0,12.8,2.0,0.8,0.1,NNW,31,00:06,7.6,94,7, ,Calm,1018.8,12.7,65,7,N,17,1016.1
2015-06-22,0.3,9.8,0,1.4,3.5,NNW,50,10:00,2.0,83,7,NNW,30,1021.2,7.7,65,8,NNW,26,1016.9
2015-06-21,2.0,11.0,0,1.4,8.0,NNW,28,11:20,3.9,85,1,NW,15,1027.1,10.8,54,2,NNW,15,1025.4
2015-06-20,0.5,10.7,0,0.4,8.4,NNW,33,14:20,2.7,82,1,NW,9,1024.2,10.1,50,1,NNW,20,1022.1
2015-06-19,1.2,10.7,1.6,0.4,6.3,NNW,30,10:30,3.3,83,3,NNW,13,1023.4,9.3,59,5,WSW,17,1021.4
2015-06-18,5.6,8.7,10.6,1.0,3.9,SE,46,03:55,5.8,78,7,SSW,15,1026.9,7.1,74,7,S,17,1025.5
2015-06-17,8.5,11.3,9.4,0.4,1.0,S,54,15:11,9.5,92,8,S,24,1016.3,10.7,74,6,S,17,1017.9
2015-06-16,6.1,10.8,0,1.0,0.0,SSW,31,19:31,8.5,86,7,NW,13,1023.2,10.3,86,8,SSE,11,1017.9
2015-06-15,4.8,12.2,0,0.2,3.2,NNW,20,22:23,6.1,92,6,WSW,4,1032.5,11.0,75,5, ,Calm,1029.8
2015-06-14,5.0,10.0,0,1.0,0.2,N,20,10:08,6.5,86,7,NNW,2,1027.6,9.7,76,7, ,Calm,1027.6
2015-06-13,2.9,12.4,0,0.8,7.8,NW,28,15:08,5.0,87,6,NNW,15,1028.3,12.4,57,1,N,11,1025.4
2015-06-12,6.0,14.9,0,2.2,5.0,NNW,33,01:31,7.6,81,5,WNW,9,1033.4,13.7,60,2,N,9,1031.1
2015-06-11,5.3,14.8,0,1.0,8.5,NW,57,09:12,10.3,64,4,NW,28,1031.1,14.3,49,1,NW,26,1029.2
2015-06-10,5.7,12.3,1.6,2.2,6.5,SW,50,00:08,8.6,55,4,N,7,1027.8,11.2,58,7,NNW,15,1028.5
2015-06-9,6.0,9.4,14.6,6.2,4.8,WNW,74,03:53,9.2,43,6,WNW,37,1006.6,8.3,61,7,NW,11,1011.4
2015-06-8,10.5,16.8,1.8,2.8,5.2,NNW,106,11:49,12.1,55,7,NNW,26,999.7,15.5,55,7,NW,46,990.2
2015-06-7,10.7,19.8,0.2,1.2,6.2,NW,87,14:51,14.3,60,7,N,9,1010.2,18.5,45,5,NW,43,1002.7
2015-06-6,4.0,15.3,0,1.2,1.2,N,59,00:13,10.7,85,7,NNW,6,1020.1,13.6,82,7,N,7,1017.9
2015-06-5,1.3,12.4,0,0.4,7.4,NNW,61,23:25,4.0,80,1,NNW,26,1020.1,10.9,55,7,NNW,22,1018.3
2015-06-4,1.1,10.7,0,0.4,7.7,NW,33,09:45,2.4,91,4,NW,19,1018.6,9.3,61,1,NNW,11,1015.9
2015-06-3,3.2,11.3,0,2.2,6.0,NNW,30,08:41,5.2,79,1,NW,19,1024.4,10.1,63,3,NNW,13,1021.9
2015-06-2,5.1,11.5,1.0,,2.8,WSW,37,13:18,8.4,58,8,WSW,20,1026.6,10.4,53,7,SW,13,1025.8
2015-06-1,3.0,8.9,1.4,2.8,,SW,46,09:46,5.6,65,7,SW,20,1017.7,6.5,69,1,WSW,13,1019.9
2015-05-31,9.4,10.1,3.6,3.6,4.8,W,72,10:53,9.6,73,7,NW,19,998.0,9.0,39,4,WNW,17,1002.3
2015-05-30,7.2,16.2,0,2.2,7.0,WNW,102,11:42,13.8,53,5,NNW,24,1002.3,12.1,44,3,NW,28,999.4
2015-05-29,6.0,13.8,2.4,1.6,7.3,WNW,61,04:14,7.4,65,2,N,20,1011.3,11.9,49,4,NNW,22,1011.1
2015-05-28,6.5,17.7,0,1.4,6.6,NNW,54,11:42,12.5,60,1,N,7,1008.5,14.9,57,3,NNW,22,1003.2
2015-05-27,5.5,15.3,0,0.6,4.2,NNW,33,11:22,6.8,88,7,NNW,19,1017.7,15.0,61,1,NNW,13,1012.5
2015-05-26,7.7,15.0,0,1.0,6.1,NNW,26,00:01,9.8,87,5, ,Calm,1026.9,12.9,73,6,SE,9,1024.7
2015-05-25,4.7,12.1,0,0.4,3.8,NNW,37,10:41,8.4,71,4,NNW,13,1028.4,11.3,66,7,NNW,17,1026.0
2015-05-24,2.3,11.4,0,1.8,6.7,NNW,28,10:28,5.2,78,3,NNW,13,1030.4,10.2,60,6,N,2,1028.3
2015-05-23,4.4,14.2,0,1.2,6.8,SW,48,12:22,8.3,68,1,WNW,4,1028.3,12.7,48,2,SSW,13,1027.6
2015-05-22,5.7,13.9,0,0.6,8.2,NE,28,11:15,8.4,64,1,NE,7,1028.2,12.7,50,1,E,13,1025.7
2015-05-21,5.2,11.2,0.6,1.6,0.1,SW,31,23:50,7.5,83,7,NW,13,1024.7,9.8,70,7,SW,13,1026.2
2015-05-20,8.6,10.2,0.2,1.0,0.0,SSW,30,07:24,9.4,86,7,SSE,13,1011.4,9.5,86,7,S,13,1013.0
2015-05-19,6.7,15.5,0,0.8,1.2,N,44,05:02,8.9,73,7,NW,9,1010.4,14.1,66,7,NW,9,1003.8
2015-05-18,4.4,15.1,0,2.2,9.2,NNW,41,22:45,8.7,73,1,NNW,13,1028.3,13.7,56,2,ENE,7,1023.9
2015-05-17,4.0,16.3,0,1.2,8.9,NW,56,10:22,10.1,38,1,NNW,26,1027.5,16.0,45,1,SW,11,1026.5
2015-05-16,3.7,14.8,0,2.4,9.1,WSW,43,23:07,7.9,71,1,NNW,17,1033.9,13.5,50,1,ENE,9,1030.3
2015-05-15,8.9,15.7,0,1.0,5.4,S,41,05:35,12.0,63,5,NW,7,1033.7,14.3,53,7,SSW,11,1032.9
2015-05-14,6.7,14.8,0,2.2,1.0,WSW,74,00:48,11.6,68,7,SSW,20,1020.7,13.2,70,7,S,19,1024.0
2015-05-13,4.1,12.7,16.2,2.2,5.8,WSW,91,19:51,6.8,56,1,NNW,19,1012.2,11.7,52,7,SW,31,1010.7
2015-05-12,6.9,10.6,11.0,2.0,6.2,NW,72,05:07,7.9,84,7,NW,30,988.2,8.9,79,5,NW,31,989.0
2015-05-11,5.8,12.9,1.4,2.6,5.8,WSW,56,11:43,7.1,81,5,NW,9,999.2,12.6,44,3,SW,9,1002.4
2015-05-10,10.2,14.8,1.2,3.2,7.6,WNW,70,10:50,11.4,54,2,NW,31,988.8,11.9,54,3,NW,24,989.3
2015-05-9,11.3,15.5,0,2.2,3.0,W,80,00:01,11.8,58,7,NW,22,1001.5,14.8,50,7,NW,15,997.1
2015-05-8,4.1,15.8,4.6,2.0,2.6,WNW,80,23:27,13.3,63,5,NNW,22,1001.8,15.2,57,7,WNW,26,997.8
2015-05-7,3.7,13.4,23.4,6.8,4.5,SW,69,11:44,5.3,75,7,WNW,17,1004.6,7.2,70,6,NW,20,1004.6
2015-05-6,8.6,11.2,3.0,3.2,6.2,WSW,74,02:47,11.1,52,2,NW,30,994.9,8.0,64,7,NW,33,995.9
2015-05-5,10.4,17.7,0.4,2.8,3.7,WNW,98,21:41,16.4,66,6,N,22,988.1,14.1,45,4,NW,46,982.2
2015-05-4,8.5,17.5,0.2,2.2,5.7,N,43,23:12,10.4,86,7,NNW,20,1014.0,16.6,56,7,NNW,15,1008.4
2015-05-3,9.8,19.2,7.6,0.8,8.1,NW,43,06:23,13.9,60,2,NNW,26,1015.3,18.0,49,6,NW,11,1015.8
2015-05-2,10.2,18.2,0,3.0,1.2,NW,46,17:41,11.8,71,7,NNW,19,1017.9,17.4,65,7,NE,7,1012.2
2015-05-1,8.3,19.4,0,1.8,8.6,WNW,37,12:15,11.0,75,1,NNW,13,1028.0,18.7,35,2,NNW,15,1024.2
2015-04-30,6.1,14.6,0,1.4,9.3,SE,20,13:38,10.6,77,1,NNW,9,1033.8,14.2,63,1,SE,13,1031.4
2015-04-29,8.8,16.6,0,2.4,6.7,SSW,31,12:51,12.1,67,1,NNW,13,1031.9,14.4,67,5,SE,15,1030.6
2015-04-28,7.0,16.7,0,2.0,6.8,WNW,41,20:44,11.5,65,7,NNW,4,1026.6,15.7,47,4,SW,26,1025.5
2015-04-27,8.9,15.8,0,2.2,3.7,WSW,44,09:37,11.1,57,7,NW,9,1018.1,13.8,53,7,SW,13,1019.4
2015-04-26,7.2,14.5,0,1.6,4.8,SW,35,23:22,9.7,67,7,SSE,4,1013.7,13.9,47,6,SW,9,1011.1
2015-04-25,10.1,13.4,1.2,1.2,0.3,S,33,10:38,10.3,89,7,S,17,1010.1,11.6,65,7,S,15,1011.1
2015-04-24,10.7,15.4,1.6,0.6,0.1,S,22,19:45,11.9,92,8,W,2,1005.8,15.1,72,7,WNW,9,1002.1
2015-04-23,11.6,15.4,0,2.0,2.2,W,17,06:00,13.4,86,7,WSW,6,1022.8,14.7,78,7,SE,11,1017.7
2015-04-22,8.1,16.6,0,1.8,6.2,SSE,48,18:29,12.3,77,1,N,7,1030.1,16.3,67,7,ESE,7,1026.7
2015-04-21,8.3,17.9,0,2.0,1.4,NNW,20,00:03,12.5,67,6, ,Calm,1034.0,16.3,59,7,SE,15,1031.5
2015-04-20,3.4,16.3,0,4.0,7.7,NNW,26,09:08,8.4,64,1,NNW,17,1036.5,14.7,46,5,NNE,13,1033.6
2015-04-19,7.6,13.8,0.2,4.8,9.9,SW,54,10:00,9.2,50,1,SW,22,1023.9,12.3,32,1,SW,20,1027.9
2015-04-18,12.9,20.4,0,3.8,7.0,NNW,61,10:29,15.1,46,1,NNW,26,1005.3,19.2,44,7,NW,26,1001.7
2015-04-17,10.8,20.5,0.2,4.4,8.6,NNW,52,08:50,14.5,54,5,NNW,35,1019.2,20.3,31,7,NW,20,1014.3
2015-04-16,12.2,18.1,1.2,3.0,7.5,NW,50,13:19,14.6,55,4,SSE,13,1018.7,14.8,48,2,NNW,26,1019.2
2015-04-15,7.8,23.7,0,1.2,5.8,,,,12.2,78,7,NNW,24,1017.1,,,5,NNW,20,1013.3
2015-04-14,4.6,16.6,0,3.2,8.0,NNW,28,09:02,7.9,80,3,NNW,19,1022.9,15.7,59,5,SE,11,1019.9
2015-04-13,7.7,15.2,0,2.0,6.4,SSW,30,10:22,10.2,62,7,NW,11,1025.4,13.9,52,1,SE,15,1023.1
2015-04-12,7.8,13.9,1.0,1.2,7.1,SSW,46,12:29,10.5,52,4,SW,19,1022.9,13.2,48,6,SSW,19,1022.8
2015-04-11,6.9,14.8,0,4.0,3.2,SSW,39,21:18,11.0,70,7,NNW,4,1019.7,14.5,54,7,ESE,9,1017.2
2015-04-10,8.2,14.3,0,3.2,6.8,SSW,37,03:15,11.2,61,7,SSW,17,1028.2,14.0,55,1,SE,17,1025.7
2015-04-9,10.4,15.0,0.2,2.4,5.5,SSW,31,18:45,13.0,57,7,SE,6,1028.0,14.3,68,2,ESE,19,1025.9
2015-04-8,9.6,14.5,1.2,2.8,4.0,SSW,41,11:53,12.9,57,6,SSW,20,1024.9,13.5,57,7,SSE,24,1025.5
2015-04-7,10.0,14.3,0.4,3.0,4.7,SSW,37,09:14,11.4,62,7,SSW,20,1016.1,13.5,54,7,SE,15,1016.1
2015-04-6,12.1,17.1,0.2,3.0,4.9,SSW,44,13:34,14.8,62,7,N,9,1006.0,12.7,88,7,SSW,24,1007.8
2015-04-5,10.8,20.7,0,2.0,6.8,,,,14.6,78,1,NNW,13,1011.0,17.4,81,7,SW,9,1004.9
2015-04-4,9.8,18.2,0.2,2.2,5.4,ESE,26,13:58,12.9,75,4,NNW,11,1025.2,16.2,70,7,ESE,20,1020.9
2015-04-3,7.6,17.9,2.0,2.4,6.6,NNW,35,08:54,9.8,68,7,N,9,1025.9,17.2,51,6,S,17,1024.1
2015-04-2,9.7,13.6,2.8,5.2,4.5,SW,76,00:13,10.2,78,7,S,28,1017.4,12.3,53,3,S,31,1020.9
2015-04-1,11.7,25.2,0,1.4,0.7,NW,72,22:51,13.9,72,7,NNW,41,1013.1,23.5,39,7,ESE,7,1008.3
