199.0,23.0,true
2016-04-20,15.3,28.0,0,,,NNW,37,12:23,19.7,53,,NNE,9,1021.6,27.6,31,,N,17,1018.5
2016-04-19,13.6,27.4,0,,,N,31,09:34,20.2,55,,N,11,1019.2,26.9,34,,N,15,1017.0
2016-04-18,9.8,25.0,0,,,NNW,35,11:11,14.4,70,, ,Calm,1021.1,24.6,38,,NNW,17,1016.4
2016-04-17,13.1,19.8,0,,,SW,31,13:48,16.6,51,,SSE,9,1025.6,18.6,50,,SSW,13,1021.6
2016-04-16,14.0,20.3,0,,,SSW,33,12:42,16.6,79,, ,Calm,1022.1,16.7,75,,SSE,15,1021.7
2016-04-15,13.4,27.0,0,,,S,24,17:28,18.6,56,,E,6,1022.5,25.7,31,,SSW,11,1018.1
2016-04-14,11.6,27.0,0,,,N,43,13:04,14.9,81,,NNE,9,1026.9,27.0,32,,NNW,15,1022.1
2016-04-13,11.3,20.0,0.2,,,SSW,26,14:21,16.1,76,,SSE,11,1028.2,18.5,59,,SSW,15,1025.9
2016-04-12,14.0,18.7,0.2,,,SSW,26,09:48,15.2,84,,WSW,6,1025.6,17.9,59,,SSW,13,1023.9
2016-04-11,14.5,20.1,0,,,S,30,17:48,16.0,77,,WNW,7,1021.6,19.0,68,,SSW,11,1021.2
2016-04-10,13.6,23.5,0,,,SW,35,15:41,17.8,62,,WNW,9,1020.1,22.5,43,,SW,17,1017.3
2016-04-9,10.4,22.3,0,,,SSW,20,12:51,13.7,72,,NE,6,1022.7,21.4,46,,WNW,6,1019.6
2016-04-8,11.9,20.0,0,,,SSW,15,15:56,13.6,79,,NNE,6,1023.6,19.4,47,,SSW,4,1022.0
2016-04-7,8.3,18.4,6.8,,,SSW,19,10:31,13.7,71,,NW,2,1025.5,17.6,58,,S,7,1023.5
2016-04-6,13.6,15.6,12.8,,,SW,26,15:32,13.7,99,,WSW,9,1015.3,14.5,91,,WSW,7,1016.8
2016-04-5,12.3,29.0,0,,,N,48,12:06,20.2,45,,N,19,1013.4,28.2,23,,NNW,22,1009.0
2016-04-4,9.7,21.2,0,,,SSW,20,12:26,14.8,66,,E,4,1023.2,20.1,54,,SSW,9,1017.6
2016-04-3,11.3,18.8,0,,,SSW,33,14:56,15.7,65,,S,6,1026.6,18.3,47,,S,15,1025.1
2016-04-2,15.5,19.5,0,,,SSW,37,08:57,19.4,58,,SW,6,1015.6,18.3,56,,S,19,1019.9
2016-04-1,13.1,26.5,0,,,N,46,16:26,15.5,72,,NNE,11,1015.4,25.7,35,,NNW,22,1010.9
2016-03-31,11.3,22.7,0,,,SSW,20,13:31,13.3,67,,NNE,7,1020.4,21.3,52,,SSW,11,1017.6
2016-03-30,15.5,18.7,0,,,SSW,31,12:59,16.2,65,,SSE,11,1020.5,17.6,52,,SSW,17,1019.9
2016-03-29,14.5,17.9,0,,,SE,33,10:03,15.8,58,,SSE,7,1020.8,17.1,55,,S,15,1019.7
2016-03-28,9.4,19.2,0.2,,,SSE,31,19:25,14.5,57,,SE,11,1020.3,18.4,42,,SSE,15,1018.1
2016-03-27,14.3,19.9,1.0,,,S,35,16:37,15.6,66,,SE,9,1021.4,18.7,45,,SSW,13,1020.3
2016-03-26,14.1,20.2,0.4,,,SSW,28,19:35,16.4,74,,W,7,1020.1,19.9,60,,S,9,1019.3
2016-03-25,15.9,20.4,0,,,SSW,26,11:58,16.3,83,, ,Calm,1020.7,18.9,49,,S,15,1019.7
2016-03-24,16.3,21.2,0,,,SSW,26,15:05,18.3,79,,SSE,4,1020.8,20.7,67,,SSW,11,1018.8
2016-03-23,13.7,28.8,0,,,N,28,11:47,16.4,66,,NNE,11,1016.5,25.8,36,,SSW,6,1015.3
2016-03-22,11.4,24.3,0,,,SSW,20,13:27,13.7,82,,NE,7,1019.9,22.5,51,,SSW,13,1016.5
2016-03-21,11.2,23.5,0,,,SE,35,12:49,14.6,76,,SE,7,1021.6,22.3,44,,SE,13,1019.2
2016-03-20,10.1,23.3,0.2,,,SSE,28,17:11,14.3,61,,SE,9,1020.7,21.6,40,,SSW,9,1019.0
2016-03-19,12.0,18.8,5.8,,,SSE,35,12:14,13.1,87,,W,9,1014.4,17.8,54,,SSE,15,1016.7
2016-03-18,15.2,19.5,13.4,,,W,54,05:55,15.5,90,,NNW,6,997.7,18.8,48,,SSW,19,1002.1
2016-03-17,18.3,32.5,0,,,N,43,12:27,23.9,50,,N,15,1012.8,31.2,35,,N,17,1006.5
2016-03-16,15.3,31.4,0,,,ESE,31,17:19,18.3,72,,N,4,1019.2,29.6,36,,ENE,9,1014.4
2016-03-15,15.1,26.8,0,,,SE,44,17:59,18.3,71,,SSE,2,1020.3,26.2,48,,SE,19,1017.4
2016-03-14,18.4,21.3,0,,,SSW,35,16:48,19.1,76,,SE,9,1021.0,19.5,62,,S,15,1020.5
2016-03-13,17.7,23.2,0,,,SSW,30,15:34,18.6,85,,SE,9,1021.1,22.9,70,,S,11,1018.8
2016-03-12,18.7,22.3,0.2,,,SSW,26,14:43,20.7,91,, ,Calm,1020.1,21.9,79,,SSW,11,1020.3
2016-03-11,18.8,26.1,8.4,,,SSW,26,14:55,20.7,95,, ,Calm,1017.5,24.6,73,,SSW,11,1015.8
2016-03-10,18.1,22.1,0.6,,,ESE,22,23:23,19.0,86,,SSE,6,1021.5,19.4,95,,WSW,4,1019.7
2016-03-9,20.8,28.5,0,,,NNW,41,02:42,28.2,36,,WSW,13,1015.9,23.6,75,,SSW,9,1016.8
2016-03-8,19.9,38.9,0.6,,,N,37,14:09,20.8,86,,N,6,1019.4,38.2,20,,N,19,1014.1
2016-03-7,18.6,24.9,3.2,,,SW,28,16:38,20.3,85,,NE,2,1019.3,22.2,80,,S,13,1020.6
2016-03-6,17.4,25.2,0,,,SSW,35,14:33,19.4,78,,E,2,1020.3,23.1,73,,SSW,20,1018.0
2016-03-5,20.4,23.7,1.2,,,S,26,14:00,20.9,84,,S,4,1019.3,22.3,74,,SSW,17,1019.9
2016-03-4,16.5,33.0,,,,SSW,22,10:45,20.9,64,, ,Calm,1017.9,32.8,38,,SSW,7,1013.2
2016-03-3,17.4,23.9,,,,SSW,31,12:42,,,,,,,22.9,53,,SSW,13,1019.2
2016-03-2,17.6,34.7,0,,,SW,41,17:05,21.9,47,,NE,7,1016.6,33.0,25,,SSW,4,1014.2
2016-03-1,17.3,33.7,0,,,NW,43,11:57,18.6,86,,N,11,1017.7,32.4,23,,N,15,1014.4
2016-02-29,15.0,23.7,0,,,SSW,33,15:51,18.5,72,,S,9,1021.9,22.8,65,,SW,15,1019.8
2016-02-28,17.7,22.7,0,,,SSW,31,14:22,18.5,63,,WSW,6,1021.3,21.8,53,,SSW,15,1020.4
2016-02-27,17.7,22.2,0,,,S,30,15:23,18.4,70,,SSE,7,1021.7,21.2,64,,SSW,15,1020.0
2016-02-26,15.5,23.5,0,,,SSW,28,10:51,17.7,68,,WNW,7,1018.9,21.8,51,,SW,11,1019.1
2016-02-25,19.6,26.4,0.4,,,SSE,31,16:48,20.4,88,,SSW,15,1010.2,25.5,57,,S,13,1009.6
2016-02-24,22.4,25.6,0,,,SW,35,14:56,24.4,60,,SW,9,1011.7,24.0,71,,SSW,19,1009.0
2016-02-23,18.1,39.4,0,,,NNW,57,13:42,29.4,34,,N,20,1012.5,38.6,24,,N,28,1008.3
2016-02-22,15.6,29.5,0,,,SSW,26,13:51,18.1,72,,NNE,9,1022.4,24.6,50,,SSW,11,1022.0
2016-02-21,12.6,24.7,0,,,SW,26,14:29,15.9,68,,ENE,6,1025.0,24.2,51,,SW,9,1021.6
2016-02-20,15.8,20.8,0,,,S,37,15:28,17.8,49,,SSE,11,1021.9,19.7,49,,SSW,19,1022.7
2016-02-19,15.8,22.0,0.2,,,S,39,13:32,18.0,74,,WNW,6,1012.5,18.9,76,,S,17,1014.1
2016-02-18,15.5,22.6,1.2,,,SSW,24,23:07,16.5,93,,W,4,1012.4,20.9,61,,SSW,13,1010.7
2016-02-17,12.7,21.1,0.6,,,SSW,44,15:26,15.5,71,,W,9,1015.8,19.7,76,,S,19,1013.6
2016-02-16,13.7,18.4,3.6,,,S,43,18:45,13.7,81,,S,13,1016.0,17.3,47,,S,19,1017.2
2016-02-15,14.0,26.1,0,,,SSW,39,19:50,17.2,63,,WSW,9,1013.8,23.9,36,,SSW,11,1009.9
2016-02-14,16.4,24.5,0,,,SSW,35,15:00,18.2,64,,W,9,1012.1,23.6,37,,SSW,9,1011.1
2016-02-13,17.7,30.3,0,,,SSW,37,15:00,22.3,61,,SSW,11,1009.3,29.6,33,,SSW,11,1005.9
2016-02-12,16.7,24.9,0,,,SSW,28,17:06,19.0,71,,E,6,1016.6,23.6,61,,SSW,13,1013.4
2016-02-11,18.0,23.8,0,,,SSW,41,15:51,19.7,67,,SSE,13,1017.3,23.6,59,,SSW,15,1015.0
2016-02-10,17.4,23.3,0,,,S,31,13:13,19.1,73,,SSE,4,1016.4,21.6,62,,S,17,1014.7
2016-02-9,17.4,22.7,0,,,S,31,16:41,19.1,64,,SSE,7,1021.9,21.7,62,,SSW,17,1018.8
2016-02-8,19.2,22.9,0,,,SSW,39,15:03,20.0,71,,SSW,11,1022.1,21.8,60,,SSW,19,1022.0
2016-02-7,19.1,27.7,0,,,SSW,35,15:51,22.9,57,,NE,4,1016.6,25.6,64,,SSW,11,1015.8
2016-02-6,16.5,32.6,0,,,NNW,35,09:13,20.8,63,,NNE,9,1017.6,31.2,32,,SSW,9,1014.3
2016-02-5,15.3,29.4,0,,,SSE,33,17:38,18.1,73,,NNE,2,1019.9,25.3,47,,SSW,13,1017.1
2016-02-4,17.3,20.9,2.4,,,SSW,39,13:23,18.3,62,,SSE,13,1018.9,20.1,61,,SSW,22,1019.3
2016-02-3,18.1,21.0,0.6,,,SSW,44,15:44,18.2,97,,S,11,1007.5,19.9,67,,S,17,1011.0
2016-02-2,15.4,31.5,0,,,N,31,13:14,19.0,82,,N,6,1005.3,30.8,29,,N,15,1001.3
2016-02-1,12.5,23.6,0,,,S,26,15:35,15.4,70,,NE,9,1006.6,22.5,53,,SSW,13,1005.5
2016-01-31,13.9,21.8,10.6,,,N,50,12:26,18.1,69,,NNE,19,1000.6,20.6,49,,NNW,24,1001.8
2016-01-30,12.3,22.4,1.2,,,S,30,13:18,14.1,87,,SSE,6,1007.2,21.2,64,,SSW,15,1004.5
2016-01-29,14.4,18.3,14.2,,,S,20,23:58,14.5,91,,SE,4,1003.4,17.7,80,,SSW,9,1001.8
2016-01-28,20.3,27.5,3.6,,,N,39,07:54,24.9,63,,N,24,1004.3,22.0,83,,SSW,11,1001.8
2016-01-27,19.3,29.5,0,,,N,41,14:02,21.4,73,,NNE,9,1011.1,28.6,42,,N,22,1007.3
2016-01-26,16.5,29.4,0,,,SE,33,20:04,19.4,74,,ESE,11,1017.8,26.8,43,,SSW,11,1014.2
2016-01-25,16.7,20.9,0.4,,,SSW,39,14:34,19.1,66,,SSE,13,1016.7,20.5,65,,SSW,17,1016.4
2016-01-24,16.2,22.2,5.2,,,SSW,33,14:23,16.8,99,,SSE,6,1015.1,21.5,68,,SSW,19,1014.7
2016-01-23,17.3,21.9,7.0,,,S,35,13:07,17.4,94,,S,7,1012.8,20.9,64,,S,17,1013.9
2016-01-22,17.5,22.8,1.6,,,SSW,30,07:41,18.2,86,,S,13,1010.6,19.7,95,,NE,9,1008.4
2016-01-21,19.0,26.7,0.8,,,SSW,31,19:55,20.1,88,,SSE,6,1009.8,23.0,67,,WSW,7,1010.1
2016-01-20,19.3,29.1,1.0,,,SW,30,14:27,19.4,77,,NE,6,1010.6,27.5,61,,SSW,13,1007.3
2016-01-19,17.9,30.9,0,,,SSW,26,11:48,19.9,73,,S,4,1013.5,27.7,37,,SSW,13,1009.4
2016-01-18,18.6,35.3,0,,,NNW,44,10:05,27.1,28,,N,19,1016.1,34.0,19,,NNE,19,1012.5
2016-01-17,14.9,32.7,0,,,N,41,08:51,18.6,70,,NNE,4,1023.2,30.6,24,,NNE,11,1018.6
2016-01-16,11.9,22.3,0,,,S,35,15:20,16.5,55,,ENE,9,1029.6,20.5,56,,SW,13,1025.8
2016-01-15,13.6,19.2,1.0,,,S,35,00:00,14.9,63,,SE,11,1030.6,17.5,58,,SSW,20,1029.8
2016-01-14,16.1,18.1,0.4,,,SSW,46,16:46,17.8,72,,SSW,17,1017.0,15.0,73,,SSW,19,1021.1
2016-01-13,16.8,42.2,0.2,,,WSW,52,16:59,23.3,60,,E,7,1011.0,39.9,19,,WNW,17,1004.7
2016-01-12,17.1,24.8,0.8,,,SSW,28,14:43,18.9,74,,SSE,11,1015.3,23.2,64,,SW,13,1014.0
2016-01-11,17.2,36.4,0,,,NW,41,14:57,24.4,39,,NNE,9,1010.2,34.8,21,,NNW,11,1006.0
2016-01-10,15.7,31.5,0,,,SW,24,13:54,18.0,66,,NNE,6,1018.0,24.0,63,,SW,15,1013.7
2016-01-9,16.8,21.4,,,,S,33,15:40,17.7,74,,S,6,1021.7,20.7,62,,SW,11,1020.3
2016-01-8,16.2,20.6,0,,,SSW,31,14:04,17.2,63,,S,11,1023.5,19.5,62,,SSW,17,1022.1
2016-01-7,16.3,21.3,0,,,SSW,43,13:23,20.8,67,,SE,9,1021.0,20.1,62,,SSW,20,1021.0
2016-01-6,17.3,25.7,0,,,SSW,43,14:42,19.4,75,,SSE,9,1017.7,24.7,61,,SSE,17,1016.6
2016-01-5,17.1,25.7,0,,,NNE,26,14:49,19.9,60,,NNE,2,1017.6,24.7,49,,SSW,13,1014.2
2016-01-4,16.3,26.0,0,,,SSE,31,16:20,19.4,72,,SSE,6,1019.3,24.3,47,,ESE,13,1017.2
2016-01-3,17.5,27.1,0,,,SE,43,15:09,20.8,61,,ESE,13,1016.8,26.2,43,,SE,17,1014.1
2016-01-2,17.1,27.6,0,,,ESE,48,19:16,17.9,80,,WSW,9,1016.4,24.1,66,,SSW,17,1012.6
2016-01-1,19.8,24.2,0,,,SSW,35,15:47,22.1,72,,S,11,1013.3,23.4,73,,SSW,13,1012.9
2015-11-30,10.0,32.2,0,,,NW,83,18:16,17.9,58,,NE,11,1009.2,29.7,26,,N,24,1002.9
2015-11-29,12.6,20.3,0,,,SSW,31,15:31,16.5,65,,SW,9,1014.9,19.3,57,,SSW,15,1013.3
2015-11-28,12.0,20.1,0,,,S,28,17:52,14.9,60,,SSW,6,1018.8,19.0,52,,SSW,13,1015.5
2015-11-27,9.0,18.2,0.4,,,WSW,33,09:31,13.7,53,,W,13,1017.2,17.8,45,,WSW,11,1017.2
2015-11-26,10.8,17.4,0,,,SSW,54,15:22,13.1,53,,WSW,13,1006.8,16.2,36,,SW,17,1011.4
2015-11-25,13.5,33.3,0,,,NW,65,14:19,20.9,36,,N,26,1005.5,32.5,17,,NNW,26,996.7
2015-11-24,13.6,24.5,0,,,NNW,28,07:58,15.9,63,,NW,11,1017.2,22.0,41,,S,11,1012.5
2015-11-23,13.8,20.7,0,,,S,31,14:15,15.4,71,,W,7,1017.0,20.2,53,,SSW,13,1015.8
2015-11-22,13.5,20.0,0,,,S,31,18:17,15.8,58,,SSE,4,1019.7,18.7,44,,S,11,1016.4
2015-11-21,12.2,17.5,3.6,,,SSW,39,12:45,14.7,71,,SW,13,1021.5,16.0,55,,S,22,1022.5
2015-11-20,15.4,19.1,0.4,,,NNE,35,00:53,17.6,76,,S,7,1012.8,16.8,84,,S,9,1013.5
2015-11-19,15.6,31.5,0,,,SSW,46,15:47,25.0,49,,N,13,1011.5,23.1,66,,SSW,11,1012.9
2015-11-18,14.7,29.5,0,,,N,20,21:34,15.8,80,,SW,7,1014.4,25.8,40,,SW,7,1012.3
2015-11-17,15.7,33.3,0,,,NNW,56,10:26,23.5,34,,N,19,1012.6,31.8,18,,WNW,15,1008.4
2015-11-16,11.4,26.3,0.2,,,SSW,24,13:25,16.3,80,,NNW,9,1018.5,22.7,55,,SSW,11,1015.0
2015-11-15,13.0,18.5,0.2,,,SSW,37,15:05,14.6,68,,S,9,1021.6,17.9,64,,SSW,17,1019.7
2015-11-14,12.1,18.3,0.2,,,SSE,37,16:40,14.5,75,,SSW,11,1019.0,17.5,66,,S,17,1017.8
2015-11-13,13.5,18.2,0.4,,,S,39,12:21,14.0,92,,SW,7,1017.4,17.6,61,,S,19,1017.1
2015-11-12,13.7,21.2,0,,,S,33,18:02,17.1,80,,NE,2,1016.1,20.6,60,,SSW,13,1013.1
2015-11-11,11.5,20.1,2.0,,,SSW,20,06:48,13.9,74,,SSE,9,1020.6,18.5,63,,SW,7,1017.9
2015-11-10,15.2,16.4,0,,,S,31,11:33,15.7,83,,S,13,1019.5,13.5,79,,S,13,1021.0
2015-11-9,13.6,33.1,0,,,N,35,09:27,21.0,47,,NNE,13,1017.1,31.6,26,,N,15,1013.1
2015-11-8,8.5,24.8,0,,,SSW,20,15:11,14.1,61,,E,4,1022.6,23.3,33,,SSW,4,1019.4
2015-11-7,11.9,16.8,1.2,,,SSW,44,06:51,13.6,68,,SSW,19,1018.3,16.0,54,,SSW,20,1020.3
2015-11-6,16.6,18.7,17.6,,,SSW,31,21:31,17.0,100,,SW,7,1008.8,17.2,92,,W,9,1010.0
2015-11-5,16.2,24.7,12.2,,,N,50,13:15,18.1,100,,SE,2,1006.9,18.3,98,,SW,6,1004.5
2015-11-4,10.9,27.2,0,,,SSE,31,14:55,16.2,79,,E,2,1015.4,27.0,48,,SE,17,1010.2
2015-11-3,8.0,17.9,0.2,,,SSW,31,16:51,12.8,54,,SE,13,1019.8,16.1,58,,SSW,15,1017.3
2015-11-2,14.5,16.0,0,,,SSW,37,10:11,15.6,80,,W,6,1012.8,15.0,70,,SSW,17,1015.3
2015-11-1,16.4,26.0,4.4,,,N,50,07:48,22.5,67,,N,30,1007.7,18.0,83,,SSW,13,1006.6
2015-10-31,15.7,25.9,1.0,,,NNW,41,16:04,17.0,93,,SW,2,1015.1,24.1,57,,NNE,22,1010.6
2015-10-30,12.6,27.4,0,,,SSE,33,14:53,18.1,53,,N,4,1019.5,24.7,38,,S,9,1017.2
2015-10-29,13.7,26.1,0,,,SSE,28,17:42,16.8,78,,WNW,6,1022.5,22.5,58,,SW,11,1020.0
2015-10-28,10.1,26.8,0,,,N,44,07:24,17.2,47,,N,20,1022.9,26.4,27,,N,7,1019.0
2015-10-27,10.4,23.3,0.2,,,SE,35,08:07,14.0,58,,SE,19,1027.3,22.0,34,,ESE,19,1023.1
2015-10-26,14.0,15.9,0.2,,,SSW,50,11:59,14.3,89,,SSW,24,1017.6,15.5,58,,SSW,24,1022.5
2015-10-25,10.2,31.3,0,,,NNW,50,14:39,18.2,62,,NNE,11,1016.6,30.1,23,,N,28,1010.2
2015-10-24,9.2,19.5,0,,,S,28,13:04,14.3,70,, ,Calm,1023.0,18.1,60,,SSW,13,1020.2
2015-10-23,11.8,16.4,0,,,SSW,33,17:10,14.1,62,,SSE,17,1023.6,15.2,58,,SSW,15,1022.2
2015-10-22,11.4,16.7,7.0,,,SSW,43,15:17,14.1,81,,SSE,11,1019.6,15.5,76,,SSW,13,1020.0
2015-10-21,17.6,18.3,2.4,,,SSW,39,16:36,18.2,76,,SW,7,1012.4,15.7,87,,SSW,15,1014.5
2015-10-20,12.9,31.8,0,,,NNE,35,14:09,17.6,54,,N,6,1016.6,30.5,31,,N,22,1010.7
2015-10-19,8.3,26.7,0,,,SSW,26,15:44,13.2,71,,NNE,7,1025.1,25.2,33,,SW,11,1019.8
2015-10-18,12.6,17.7,0,,,SSW,30,13:43,14.8,66,,SE,9,1029.8,17.0,57,,SSW,15,1027.6
2015-10-17,11.5,20.5,0,,,S,31,17:51,14.6,84,,SSW,4,1024.8,19.2,42,,S,13,1025.4
2015-10-16,17.0,23.8,0,,,S,30,12:57,19.0,65,,NE,7,1016.6,15.9,79,,S,9,1021.5
2015-10-15,14.4,34.0,0,,,N,54,11:08,22.7,48,,N,20,1017.7,33.0,16,,NNW,22,1014.1
2015-10-14,11.2,28.6,0,,,N,39,14:33,14.4,85,,NE,9,1023.9,27.5,38,,NNE,15,1019.7
2015-10-13,7.9,17.6,0.4,,,S,24,09:02,13.0,67,,SSE,11,1025.0,16.1,66,,SSW,13,1023.4
2015-10-12,11.3,16.1,0.6,,,S,35,13:11,12.3,87,,S,11,1018.9,15.1,66,,S,15,1019.8
2015-10-11,16.9,19.2,0.4,,,SSW,37,16:09,17.5,81,,SSW,7,1019.5,17.9,75,,SW,13,1016.1
2015-10-10,17.5,29.2,0,,,N,41,19:42,22.2,47,,NNE,9,1025.1,27.7,35,,N,15,1022.4
2015-10-9,10.9,29.9,0,,,N,26,09:13,17.5,68,,NNE,11,1030.1,27.9,33,,S,13,1026.6
2015-10-8,7.6,18.6,0,,,SSW,28,15:09,11.1,71,,NE,9,1036.5,17.6,56,,SSW,17,1032.0
2015-10-7,11.8,16.2,0,,,SSW,41,11:27,13.4,47,,S,17,1034.3,15.2,53,,S,20,1035.0
2015-10-6,15.5,35.8,0,,,NNW,70,12:15,24.9,24,,N,20,1012.8,34.3,11,,NW,26,1010.6
2015-10-5,12.7,34.4,0,,,N,43,10:44,15.5,80,,NNE,11,1020.8,33.3,17,,N,26,1016.2
2015-10-4,13.9,24.9,0,,,N,22,00:10,18.8,62,,SSE,6,1021.9,23.3,42,,WSW,9,1019.9
2015-10-3,16.3,31.3,0,,,N,50,13:48,22.7,37,,N,24,1027.2,31.0,20,,NNW,26,1020.7
2015-10-2,9.9,28.6,0,,,N,37,12:10,16.4,66,,NNE,9,1032.2,27.9,27,,NNW,20,1027.6
2015-10-1,6.0,21.6,0,,,SSW,30,12:59,14.8,54,,NNW,6,1026.9,20.9,36,,S,9,1025.4
2015-09-30,11.5,15.9,0,,,SSW,33,13:06,13.2,67,,S,11,1024.6,15.2,56,,S,15,1022.9
2015-09-29,9.0,16.9,0,,,NW,30,08:04,13.3,58,,W,9,1017.6,16.5,46,,W,9,1017.1
2015-09-28,8.3,21.4,0,,,SSW,31,20:27,13.9,68,,SSW,11,1017.5,17.8,44,,S,9,1015.4
2015-09-27,9.8,20.2,0,,,SSE,20,16:52,11.6,97,,N,4,1025.7,18.7,43,,SSW,11,1021.8
2015-09-26,6.6,17.9,0,,,S,20,16:23,10.1,100,,N,11,1031.8,17.3,52,,SSW,11,1027.1
2015-09-25,5.8,19.1,0,,,SSE,37,15:52,12.6,67,,SSW,7,1035.2,16.2,65,,S,13,1030.9
2015-09-24,5.1,14.3,0,,,SSW,31,14:27,12.2,67,,SE,7,1034.7,13.9,70,,SSW,15,1032.2
2015-09-23,8.5,12.6,0,,,SSE,37,00:36,10.7,50,,SSE,15,1035.6,11.7,49,,S,19,1034.3
2015-09-22,7.6,12.7,4.4,,,S,50,10:39,9.9,77,,SSW,13,1026.1,11.3,54,,SSW,17,1028.8
2015-09-21,14.0,18.1,0,,,N,52,06:01,18.1,57,,NNW,13,1015.6,11.3,92,,S,15,1017.9
2015-09-20,8.5,22.9,0,,,N,39,08:54,16.5,64,,N,22,1021.0,22.1,42,,N,20,1016.8
2015-09-19,6.5,21.3,0,,,N,37,13:21,10.2,89,,NNW,9,1026.4,20.4,37,,NNW,20,1021.3
2015-09-18,10.5,14.7,0,,,SSW,24,15:59,11.8,91,,SSW,7,1029.2,13.4,76,,SSW,13,1027.8
2015-09-17,9.0,14.3,0.4,,,SSE,28,14:27,11.8,71,,WSW,7,1023.2,13.2,71,,SSW,13,1024.7
2015-09-16,8.9,14.8,0,,,SSW,30,16:21,11.9,74,,W,6,1019.5,13.7,56,,SSW,7,1017.7
2015-09-15,10.8,15.9,15.8,,,WNW,37,07:28,13.0,74,,W,13,1014.0,13.2,77,,S,11,1016.1
2015-09-14,15.4,26.7,0,,,N,50,10:59,21.5,41,,N,15,1018.0,25.7,34,,N,28,1012.5
2015-09-13,13.2,25.5,0,,,NNW,41,11:57,18.4,55,,NNE,13,1025.2,25.1,33,,N,20,1021.4
2015-09-12,12.2,21.7,0,,,N,43,08:55,16.6,56,,N,26,1026.6,20.0,50,,N,17,1023.7
2015-09-11,5.1,20.1,0,,,NNW,54,10:51,13.9,64,,N,19,1028.7,19.7,44,,N,24,1024.9
2015-09-10,10.0,15.7,0,,,SSW,20,13:01,11.8,84,,SW,6,1033.6,15.4,55,,S,13,1031.1
2015-09-9,10.0,15.3,0,,,SSW,31,09:52,12.1,85,,W,9,1027.6,14.2,53,,SW,11,1027.9
2015-09-8,8.8,12.8,2.0,,,SSW,31,14:59,10.5,77,,SSW,11,1020.6,11.9,60,,SSW,19,1021.4
2015-09-7,8.9,13.6,3.6,,,NNW,41,10:11,11.0,63,,WNW,15,1016.2,10.9,58,,WNW,13,1016.7
2015-09-6,5.8,16.6,0,,,N,56,13:59,8.9,85,,NNE,11,1020.3,14.9,53,,N,30,1014.6
2015-09-5,10.2,14.0,0,,,SSW,22,13:20,10.8,84,,SSW,7,1025.6,13.5,65,,SSW,13,1022.9
2015-09-4,8.7,13.7,0,,,SSW,24,01:18,11.9,50,,SE,9,1025.8,12.8,53,,S,11,1024.1
2015-09-3,10.6,14.0,4.4,,,SSW,43,14:36,13.2,84,,SW,11,1012.8,12.9,78,,SSW,24,1017.2
2015-09-2,8.0,18.8,0,,,NNE,35,11:49,12.5,61,,N,13,1012.5,17.4,43,,NNE,20,1007.0
2015-09-1,5.1,16.2,0,,,NNE,20,11:27,8.6,75,,NNE,9,1017.6,14.3,52,,SSW,11,1013.7
2015-08-31,8.1,13.0,0,,,S,26,13:31,10.1,66,,SSW,6,1021.3,11.4,60,,SSW,11,1019.0
2015-08-30,7.9,12.5,2.2,,,SSW,31,13:31,9.6,87,,W,7,1025.5,11.6,66,,SSW,13,1023.4
2015-08-29,6.3,11.7,1.8,,,SSW,43,14:07,8.5,69,,W,9,1027.3,10.9,82,,SW,11,1025.1
2015-08-28,8.1,13.2,17.4,,,SSW,37,15:29,9.4,92,,WSW,7,1026.0,11.9,70,,SSW,17,1024.9
2015-08-27,9.8,11.7,0.8,,,SSW,30,16:59,10.2,90,,WSW,4,1022.0,11.4,100,,SW,9,1019.8
2015-08-26,9.2,14.6,0.2,,,ESE,19,00:09,10.9,71,,NNE,4,1026.1,14.3,59,,SSW,6,1022.9
2015-08-25,9.5,14.3,0,,,SE,33,10:29,11.2,76,,SE,15,1026.5,13.6,61,,SE,17,1025.2
2015-08-24,8.5,14.5,0,,,SSE,44,16:14,10.6,70,,SSE,11,1023.7,13.5,69,,S,15,1020.9
2015-08-23,7.9,16.3,0,,,SSW,28,22:21,12.5,74,,NE,2,1020.1,15.5,63,,S,11,1019.0
2015-08-22,11.8,18.8,0,,,N,28,00:05,14.3,73,,N,11,1015.8,17.0,59,,SSW,7,1014.4
2015-08-21,10.9,18.7,0,,,N,56,18:10,15.6,47,,N,15,1017.8,18.4,39,,N,20,1012.9
2015-08-20,6.1,17.1,0,,,N,44,11:03,11.0,61,,N,13,1025.3,16.3,46,,N,26,1021.4
2015-08-19,5.5,12.7,0,,,SSW,19,12:20,8.1,76,,NNE,11,1027.4,12.2,64,,SSW,7,1024.5
2015-08-18,6.1,11.1,0.6,,,WSW,20,07:23,7.3,83,,SSW,6,1023.6,10.3,63,,S,6,1023.2
2015-08-17,6.8,12.2,2.4,,,WSW,39,03:44,10.2,80,,WSW,9,1018.2,9.4,71,,SSW,13,1018.4
2015-08-16,4.7,17.0,0.2,,,N,31,20:30,6.8,85,,NNE,9,1027.0,16.0,47,,NW,13,1021.2
2015-08-15,10.0,14.9,0.4,,,S,19,13:57,10.7,88,,SW,2,1032.1,14.2,57,,SW,7,1030.0
2015-08-14,10.4,15.3,0,,,WNW,26,09:44,11.7,63,,WNW,9,1025.8,14.9,53,,WNW,9,1025.3
2015-08-13,8.4,13.0,0.2,,,SSW,26,11:10,10.4,84,,W,9,1018.2,11.8,63,,SSW,9,1019.3
2015-08-12,9.3,14.8,0,,,N,44,03:46,10.6,68,,NNE,9,1003.0,11.8,70,,S,11,1005.2
2015-08-11,7.8,14.8,0.8,,,N,50,15:10,9.3,76,,N,17,1011.5,14.3,43,,N,28,1006.7
2015-08-10,8.3,16.0,0.2,,,NNW,52,10:12,11.2,61,,N,13,1010.1,14.9,53,,N,22,1007.7
2015-08-9,7.7,13.3,0,,,N,39,13:48,10.3,71,,N,11,1021.6,12.8,58,,N,22,1017.5
2015-08-8,8.8,12.6,0.4,,,SSW,13,05:06,9.8,96,,SSW,2,1025.9,12.3,71,,ESE,2,1023.4
2015-08-7,9.0,13.1,1.4,,,W,22,08:36,9.9,86,,WSW,7,1025.7,13.0,71,,S,6,1024.7
2015-08-6,7.1,12.8,1.6,,,SSW,26,13:00,9.1,95,,WSW,7,1019.3,11.9,85,,SW,4,1020.4
2015-08-5,6.6,10.8,1.0,,,SSW,41,12:02,9.5,76,,WNW,11,1012.9,9.5,68,,SSW,13,1013.4
2015-08-4,3.5,11.3,0,,,W,39,14:43,6.6,72,,N,4,1023.5,10.7,54,,WNW,13,1019.4
2015-08-3,7.3,10.8,6.4,,,W,52,05:58,7.7,76,,WNW,11,1017.4,8.7,59,,SW,6,1020.6
2015-08-2,7.8,14.9,0,,,NW,44,10:43,9.0,61,,N,15,1013.2,14.4,46,,WNW,17,1010.1
2015-08-1,6.5,11.4,0.2,,,N,56,01:34,11.0,78,,WSW,13,1012.5,10.9,65,,SSW,6,1014.6
2015-07-31,4.1,14.0,0.6,,,N,41,22:29,6.5,82,,NNE,11,1021.5,13.3,45,,N,20,1016.8
2015-07-30,8.6,12.3,0,,,NNW,63,14:23,10.1,65,,N,26,1020.7,11.8,57,,N,24,1013.9
2015-07-29,8.4,14.0,0,,,N,35,14:20,9.9,67,,N,9,1033.3,12.6,54,,N,19,1029.0
2015-07-28,7.9,14.4,0,,,NW,24,10:44,10.6,78,,W,7,1035.2,12.3,73,,SSW,9,1033.4
2015-07-27,6.2,13.9,0.8,,,NW,31,00:53,7.9,74,,NW,9,1027.9,13.3,55,,W,13,1028.1
2015-07-26,8.1,11.6,3.2,,,NNW,56,00:06,9.2,60,,NNW,13,1012.9,8.8,64,,NW,9,1015.7
2015-07-25,9.4,13.3,0.8,,,N,54,19:44,10.6,62,,N,13,1013.7,12.7,58,,NNW,24,1011.8
2015-07-24,7.6,15.0,1.2,,,N,39,15:23,11.6,83,,N,20,1012.9,14.8,70,,N,20,1008.7
2015-07-23,5.1,16.1,0,,,N,33,14:25,7.7,89,,NNE,11,1025.9,15.2,58,,N,17,1022.4
2015-07-22,11.4,16.6,1.6,,,N,54,00:51,13.4,73,,N,17,1017.7,14.6,60,,WNW,6,1019.3
2015-07-21,4.2,17.0,0,,,NNW,70,12:21,11.4,63,,N,19,1026.6,15.9,51,,NNW,24,1021.0
2015-07-20,1.8,14.7,0,,,N,39,13:22,4.3,86,,NNE,9,1033.0,13.6,47,,N,22,1029.5
2015-07-19,0.6,12.1,0,,,SSW,19,13:33,2.1,89,,NE,9,1034.4,11.2,57,,SSW,7,1031.7
2015-07-18,6.1,11.5,0.4,,,SSW,26,02:50,7.7,81,,S,6,1030.8,10.3,56,,SSW,13,1030.8
2015-07-17,7.3,12.3,2.4,,,S,39,15:01,8.4,94,,WSW,9,1022.1,11.6,81,,SSW,17,1022.1
2015-07-16,6.6,12.3,0.2,,,SE,30,11:01,10.5,70,,SSE,11,1024.6,10.8,73,,SSW,15,1022.4
2015-07-15,5.8,10.5,3.6,,,SSE,22,20:36,6.7,83,,NE,7,1017.0,8.5,76,,SSW,11,1018.7
2015-07-14,8.1,9.8,3.8,,,N,41,15:45,8.6,67,,NW,11,1013.3,8.0,75,,N,24,1009.0
2015-07-13,6.1,12.7,28.4,,,SSW,48,05:22,8.7,90,,WSW,11,1012.9,12.5,72,,WSW,9,1009.8
2015-07-12,3.4,12.3,1.6,,,SSW,37,15:50,6.1,87,,NW,7,1006.6,9.5,100,,W,11,1004.2
2015-07-11,10.9,13.1,0.2,,,N,48,01:04,12.7,72,,N,17,1005.7,9.2,85,,NNE,9,1003.2
2015-07-10,7.6,14.3,0,,,NNW,48,23:41,11.0,74,,N,11,1016.9,14.1,60,,N,19,1011.9
2015-07-9,6.5,13.4,0,,,N,28,14:06,10.5,76,,N,11,1027.3,13.1,57,,N,13,1023.8
2015-07-8,4.9,14.8,0.2,,,NW,31,13:47,6.5,92,,NNE,9,1027.4,14.0,55,,N,13,1025.7
2015-07-7,7.4,14.2,2.2,,,N,17,00:01,9.5,84,,N,7,1022.5,12.0,75,,SSW,11,1022.6
2015-07-6,7.5,11.5,1.6,,,N,41,12:21,7.5,86,,N,19,1017.0,11.3,61,,N,20,1015.3
2015-07-5,8.2,14.9,2.0,,,N,39,12:49,9.2,66,,N,19,1020.6,13.6,54,,N,17,1017.7
2015-07-4,7.3,10.6,0,,,NNW,26,00:40,9.4,58,,N,15,1022.6,9.2,79,,NNE,13,1021.6
2015-07-3,5.9,12.0,2.6,,,N,22,22:06,7.3,86,,NE,6,1028.8,11.1,48,,NW,7,1026.1
2015-07-2,10.3,11.9,0.6,,,SW,44,09:36,10.4,69,,W,15,1021.3,10.8,69,,SSW,11,1025.1
2015-07-1,7.4,15.0,0,,,NNW,39,12:48,11.8,50,,NW,9,1028.1,13.7,46,,NNW,19,1023.5
2015-06-30,5.0,14.2,0,,,SSW,15,12:47,7.5,88,,ENE,4,1029.5,13.3,51,,WSW,6,1027.1
2015-06-29,6.9,12.3,0,,,S,17,14:20,10.3,80,, ,Calm,1033.8,11.8,67,,S,9,1031.2
2015-06-28,9.6,14.5,0,,,NNE,15,00:29,10.9,80,, ,Calm,1034.0,13.8,66,,SW,6,1032.8
2015-06-27,8.0,14.1,0,,,N,28,10:05,10.0,84,,N,13,1033.1,12.7,67,,N,19,1031.0
2015-06-26,10.5,16.9,0,,,N,24,13:32,12.0,84,, ,Calm,1033.0,15.9,53,,NW,9,1030.9
2015-06-25,9.6,14.0,0,,,W,28,10:35,10.5,81,,W,9,1028.2,13.6,70,,SW,6,1028.4
2015-06-24,12.2,16.0,0,,,N,31,00:43,13.1,78,,N,11,1019.8,14.8,65,,SSW,9,1020.2
2015-06-23,9.6,17.6,0,,,N,52,10:58,13.8,57,,N,11,1019.7,16.7,51,,N,26,1016.6
2015-06-22,3.6,14.1,0,,,N,56,12:18,9.8,64,,NNW,19,1025.2,13.0,53,,N,30,1021.9
2015-06-21,2.2,12.9,0,,,NNE,30,13:07,3.6,90,,NNE,13,1029.2,12.2,47,,N,17,1026.1
2015-06-20,4.1,11.6,0,,,SSW,19,13:25,6.3,98,, ,Calm,1028.0,11.1,79,,S,9,1026.8
2015-06-19,7.0,12.4,0.2,,,SSW,24,12:29,9.9,73,,ESE,6,1024.1,11.2,64,,SSW,9,1023.9
2015-06-18,10.7,12.7,1.0,,,SE,37,11:26,11.2,82,,SSE,15,1020.2,12.3,73,,SE,13,1019.7
2015-06-17,11.7,13.8,0,,,SSE,30,18:22,12.7,91,,S,2,1013.6,13.4,88,,SSW,7,1012.5
2015-06-16,9.5,16.1,5.0,,,N,20,12:51,11.8,100,, ,Calm,1017.7,15.3,80,,NW,6,1014.5
2015-06-15,7.1,16.9,0,,,ESE,17,16:16,9.5,87,,NE,6,1026.3,16.1,70,, ,Calm,1022.7
2015-06-14,5.8,17.4,0,,,NNE,15,08:54,7.1,88,,NNE,11,1028.3,16.2,68,, ,Calm,1025.1
2015-06-13,6.0,18.2,0,,,NNE,20,12:21,7.5,88,,NNE,9,1030.1,18.0,53,,N,11,1026.7
2015-06-12,5.2,13.1,0,,,NNE,17,13:15,7.0,91,,NNE,7,1035.5,12.8,66,,N,4,1031.8
2015-06-11,5.7,14.0,,,,SSW,17,14:40,7.5,82,,NNE,9,1038.3,12.5,65,,SW,9,1035.2
2015-06-10,7.5,13.4,0,,,,,,9.5,81,,SW,9,1035.0,12.7,60,,SSW,13,1034.8
2015-06-9,10.3,13.5,4.0,,,WNW,50,00:52,10.8,72,,W,9,1021.4,12.6,58,,SW,9,1023.8
2015-06-8,11.1,18.5,0,,,NNW,48,14:01,12.1,69,,N,22,1017.0,18.1,53,,NNW,17,1013.1
2015-06-7,11.2,14.5,0,,,N,54,13:13,12.1,77,,N,28,1024.5,13.0,69,,N,24,1021.1
2015-06-6,9.2,16.6,0.2,,,N,31,21:28,11.5,82,,N,13,1028.7,16.4,65,,NNE,15,1026.7
2015-06-5,7.0,15.0,4.2,,,N,26,09:35,9.2,82,,NNE,9,1021.5,13.8,63,,NW,9,1022.4
2015-06-4,4.4,11.3,0,,,N,56,12:30,7.6,74,,N,17,1019.5,9.0,79,,N,9,1015.8
2015-06-3,8.1,13.6,0.8,,,NNE,13,08:52,8.6,92,,NNE,7,1025.2,12.8,58,,SW,7,1022.9
2015-06-2,7.1,11.4,4.2,,,SSW,20,11:56,8.2,90,,WNW,4,1029.0,9.9,91,,WSW,6,1026.9
2015-06-1,5.2,12.2,8.2,,,SSW,41,14:45,7.2,80,,W,11,1023.5,10.0,65,,SW,13,1024.6
2015-05-31,12.3,16.8,0,,,S,41,17:58,13.2,67,,N,15,1013.7,13.1,70,,NW,11,1011.0
2015-05-30,11.0,17.3,0,,,NNW,43,11:42,12.7,64,,NNW,20,1020.3,16.8,46,,NW,17,1016.1
2015-05-29,9.5,15.8,0,,,NW,31,15:17,12.0,62,,NNW,13,1021.8,14.9,50,,NW,13,1020.8
2015-05-28,13.1,19.7,0,,,N,44,08:27,14.4,78,,N,24,1017.6,19.0,58,,N,22,1013.6
2015-05-27,7.9,18.7,0,,,N,39,10:30,13.2,67,,N,13,1021.0,18.1,57,,N,22,1017.6
2015-05-26,5.4,15.6,0,,,N,26,14:26,7.9,78,,NNE,11,1029.8,15.5,56,,N,13,1025.2
2015-05-25,7.4,17.1,0,,,NNE,24,12:24,10.4,73,,NNE,9,1031.7,16.2,52,,N,11,1028.8
2015-05-24,6.0,15.6,0,,,NNW,22,18:43,7.4,90,,SE,2,1032.4,12.7,73,,SSW,9,1029.7
2015-05-23,10.4,13.3,0,,,SSW,22,13:38,11.5,66,,SSE,6,1033.4,12.2,67,,SSW,9,1031.7
2015-05-22,9.1,14.1,0.4,,,SSW,28,13:49,11.6,85,,SSE,4,1029.6,13.1,67,,S,17,1029.9
2015-05-21,10.3,13.6,6.2,,,S,33,00:36,11.3,84,,SW,6,1023.5,12.4,81,,SSW,7,1023.4
2015-05-20,13.6,18.1,2.4,,,N,39,00:22,16.1,69,,NNW,15,1010.1,16.9,57,,NNW,17,1011.3
2015-05-19,9.9,16.2,0,,,N,35,10:15,15.1,62,,NNW,13,1012.6,16.0,76,,N,15,1008.5
2015-05-18,7.2,20.4,0,,,N,30,12:44,9.9,83,,NNE,9,1030.1,19.7,45,,N,17,1024.2
2015-05-17,7.4,20.5,0,,,NNW,31,10:46,10.9,83,,NNE,11,1034.0,20.4,46,,N,9,1031.3
2015-05-16,11.3,16.2,0,,,SSW,19,16:00,12.0,69,,NNE,9,1037.1,15.6,65,,SW,7,1033.4
2015-05-15,11.5,14.5,1.8,,,S,28,04:07,12.8,91,,SSW,7,1036.5,13.2,77,,S,13,1035.2
2015-05-14,7.3,14.6,4.4,,,SSW,35,14:26,11.5,80,,W,9,1030.7,13.8,88,,SSW,15,1031.0
2015-05-13,6.3,12.8,6.8,,,WSW,35,11:27,7.8,79,,W,13,1022.8,12.2,58,,SSW,11,1024.6
2015-05-12,12.8,17.4,0,,,NW,44,12:21,13.2,72,,W,15,1011.7,13.1,57,,WSW,19,1011.5
2015-05-11,12.4,15.9,2.6,,,NW,43,00:49,13.7,77,,WSW,15,1011.4,15.6,58,,W,13,1013.0
2015-05-10,12.8,16.6,8.6,,,W,50,14:27,13.8,81,,NW,11,1002.9,14.9,57,,W,17,1004.9
2015-05-9,12.8,18.7,0,,,N,44,20:58,14.5,70,,N,19,1013.7,17.8,55,,NNW,19,1010.2
2015-05-8,10.5,15.9,0.2,,,NW,35,10:41,13.2,67,,NNW,15,1019.2,15.2,58,,NNW,19,1016.9
2015-05-7,10.3,15.6,2.2,,,WNW,39,14:25,11.7,68,,WNW,11,1018.7,14.2,55,,W,20,1018.2
2015-05-6,9.5,16.2,1.4,,,NNW,43,10:35,12.0,66,,N,15,1013.3,15.1,63,,NNW,13,1012.5
2015-05-5,9.2,18.1,0.6,,,NNW,59,14:02,14.2,78,,N,19,999.3,16.1,42,,NW,20,1001.4
2015-05-4,7.5,22.3,0,,,N,56,23:40,9.3,100,,NNE,11,1015.8,22.0,40,,N,20,1009.6
2015-05-3,9.7,18.2,0,,,SW,17,14:21,13.1,87,, ,Calm,1020.4,17.0,67,,SW,9,1017.9
2015-05-2,11.6,22.2,0,,,N,41,11:21,16.8,63,,N,15,1018.9,21.8,49,,NNW,20,1014.6
2015-05-1,7.9,23.1,0,,,NE,28,13:39,11.8,76,,NNE,9,1028.0,22.7,38,,NNE,15,1023.2
2015-04-30,6.4,19.6,0,,,SE,19,15:52,10.4,82,,NE,4,1032.1,17.6,65,,SSW,9,1028.6
2015-04-29,7.4,17.1,0,,,SSW,20,13:52,10.6,81,,NE,9,1032.2,16.2,56,,SW,11,1029.5
2015-04-28,10.1,16.0,1.6,,,SSE,30,15:57,11.7,89,,WNW,6,1029.0,15.4,61,,SSW,13,1028.0
2015-04-27,10.5,15.1,4.0,,,W,30,03:59,12.1,82,,WSW,7,1023.3,14.1,73,,SSW,9,1023.3
2015-04-26,10.4,15.4,7.0,,,SSW,37,01:35,10.7,97,,W,9,1018.5,15.1,63,,SSW,17,1018.7
2015-04-25,11.6,15.0,3.0,,,S,44,22:08,12.2,92,, ,Calm,1008.8,14.9,89,,SW,7,1009.1
2015-04-24,14.4,21.1,0,,,NW,33,21:19,15.9,84,,N,7,1005.4,18.1,71,,SW,9,1003.0
2015-04-23,12.2,19.2,0,,,SSE,28,12:08,15.6,82,,S,9,1018.6,19.0,71,,S,9,1012.8
2015-04-22,9.1,19.5,0,,,SSE,30,11:04,15.2,72,,SSE,9,1026.5,17.9,73,,S,11,1022.3
2015-04-21,6.5,17.7,0,,,SSE,39,15:46,12.2,67,,S,2,1033.2,17.2,49,,SSE,15,1029.5
2015-04-20,7.0,16.2,1.4,,,SSE,37,15:52,12.4,60,,SE,11,1037.0,15.4,47,,SSE,19,1034.2
2015-04-19,9.7,14.7,6.4,,,S,56,14:29,9.9,80,,W,19,1026.5,11.2,70,,S,11,1030.2
2015-04-18,13.5,21.9,3.6,,,S,43,18:16,14.2,92,,SW,4,1014.0,20.7,40,,NW,13,1010.6
2015-04-17,10.1,17.1,0,,,N,17,14:17,13.5,74,, ,Calm,1024.5,15.6,69,,NNW,9,1018.6
2015-04-16,15.6,17.8,0,,,W,30,02:23,15.9,83,,S,11,1025.3,16.9,59,,S,11,1024.4
2015-04-15,13.9,27.6,2.4,,,N,46,12:57,19.4,75,,NE,13,1018.4,27.0,40,,NNW,22,1015.5
2015-04-14,10.5,24.7,1.6,,,NNE,26,14:07,14.0,87,,NNE,7,1020.7,23.7,44,,NE,13,1016.5
2015-04-13,7.3,19.1,0,,,S,19,13:59,10.6,79,,NNE,4,1023.4,18.0,58,,SSW,7,1019.5
2015-04-12,12.1,18.3,0,,,SSW,31,15:56,15.3,69,,SSE,4,1022.9,17.4,60,,S,15,1021.8
2015-04-11,11.6,23.7,0,,,S,33,16:47,16.0,77,,NNE,4,1023.5,21.4,58,,SSW,9,1018.2
2015-04-10,8.6,18.7,0,,,SSW,31,15:08,14.5,70,,ENE,6,1027.2,17.9,61,,SSW,17,1024.4
2015-04-9,8.7,19.1,0,,,SSE,28,18:44,15.3,71,,SE,9,1026.5,17.8,60,,SSW,13,1024.5
2015-04-8,13.3,17.7,5.6,,,SSW,41,02:32,15.1,66,,S,17,1022.6,17.2,57,,S,19,1023.2
2015-04-7,12.4,17.3,0,,,SSW,54,18:32,16.0,71,,S,11,1011.6,14.8,94,,S,13,1013.5
2015-04-6,11.2,18.4,0,,,SSE,26,19:07,14.1,62,,SW,4,1007.2,17.2,46,,S,11,1005.8
2015-04-5,10.2,18.5,0,,,SSW,26,17:20,13.5,83,,WNW,2,1012.9,17.5,71,,SSW,11,1009.1
2015-04-4,8.5,23.5,0,,,SW,17,13:35,10.2,86,,NNE,7,1019.9,19.9,62,,SSW,9,1015.4
2015-04-3,8.0,20.9,0,,,SSE,33,16:02,11.3,77,, ,Calm,1025.7,19.6,36,,SE,13,1022.4
2015-04-2,12.8,17.2,0.2,,,S,44,10:22,13.4,67,,W,11,1022.4,16.2,51,,S,17,1023.8
2015-04-1,13.3,29.0,0,,,N,46,12:35,19.5,55,,N,11,1019.3,28.1,35,,N,20,1013.5
