100.0,23.0,true
2016-04-20,13.0,24.5,0.2,4.0,10.5,SSW,30,15:50,19.2,74,1,ESE,6,1024.2,23.3,56,3,SSW,17,1023.3
2016-04-19,15.4,24.3,25.8,1.0,10.1,SW,31,17:05,18.8,97,3,S,2,1015.1,23.0,64,2,WSW,13,1015.1
2016-04-18,15.5,23.3,0,0.2,0.5,SSW,35,22:11,19.6,84,7, ,Calm,1016.4,21.2,69,8,W,7,1013.9
2016-04-17,17.8,24.4,1.6,4.0,0.0,WNW,31,14:18,19.2,97,7,NNE,7,1017.0,22.7,82,7,NW,13,1014.6
2016-04-16,18.0,32.6,0,6.8,7.7,NNE,35,12:11,23.1,61,7,NE,13,1017.9,28.3,43,7,WNW,13,1014.5
2016-04-15,13.9,26.7,0,3.4,10.5,SE,31,14:26,20.9,63,2,ESE,11,1025.2,25.5,49,6,E,9,1021.6
2016-04-14,13.9,23.8,0,4.0,5.6,SSW,31,17:47,18.9,86,5,NNE,6,1022.6,21.9,71,6,SSW,13,1021.8
2016-04-13,20.0,24.9,3.4,0.8,5.5,SW,24,14:19,21.4,89,7, ,Calm,1020.2,23.7,67,4,WSW,11,1018.6
2016-04-12,18.9,25.0,5.0,1.6,0.8,NNW,24,15:20,21.0,92,7,NNE,9,1021.8,23.9,74,7,WNW,11,1018.7
2016-04-11,20.8,23.7,0.2,5.8,0.5,NE,43,09:57,23.4,65,7,NE,22,1020.7,20.0,91,7,NE,19,1021.7
2016-04-10,17.4,26.5,11.2,2.4,7.5,ESE,39,11:58,20.9,65,2,E,15,1020.8,26.3,52,2,E,15,1018.6
2016-04-9,17.6,24.1,0,5.8,2.6,SE,31,16:27,18.7,68,8,E,7,1019.8,22.3,63,6,SSE,11,1018.0
2016-04-8,15.9,27.5,0,4.0,6.3,ESE,24,00:46,19.0,51,7,ESE,9,1019.1,25.8,40,5,NE,11,1016.3
2016-04-7,13.7,24.8,0,6.4,8.3,E,52,07:39,17.4,58,8,E,11,1025.6,24.6,34,7,SE,9,1021.2
2016-04-6,10.2,24.3,0,5.8,10.4,ESE,30,11:01,17.1,54,1,ESE,13,1028.9,23.4,33,1,SSE,13,1025.0
2016-04-5,13.2,22.4,0,6.2,10.5,SSE,37,02:38,16.4,60,1,SSE,15,1024.7,21.5,32,0,SE,15,1022.8
2016-04-4,15.3,25.1,0,5.2,4.3,SW,37,12:22,21.3,77,7,S,13,1018.0,23.9,63,7,SSW,19,1016.0
2016-04-3,15.5,33.8,0,6.4,10.5,SW,28,16:45,24.5,52,1,ESE,7,1020.8,31.4,36,4,W,13,1016.7
2016-04-2,14.1,30.5,0,4.0,9.9,SSW,26,16:09,21.0,65,1,E,9,1022.6,29.9,39,2,NNE,7,1018.8
2016-04-1,15.8,25.3,0,6.0,8.1,SSW,28,10:05,22.0,70,3,ENE,4,1018.0,24.5,54,2,SW,15,1017.0
2016-03-31,13.4,25.7,0,7.0,10.3,SW,35,14:30,20.2,70,7,SSE,11,1016.5,23.7,59,3,SW,17,1014.8
2016-03-30,13.4,30.1,0,7.0,11.1,SW,28,16:25,22.6,57,3,NE,11,1023.2,29.1,37,0,S,7,1018.2
2016-03-29,12.7,28.4,0,5.4,11.0,SW,30,16:18,20.5,62,1,ENE,9,1025.8,26.8,40,1,SSW,15,1021.8
2016-03-28,13.2,26.0,0,3.2,10.9,ESE,30,10:07,19.5,68,1,SE,9,1024.1,25.0,42,1,SE,11,1021.9
2016-03-27,16.9,23.0,6.6,2.2,5.3,SSE,37,16:00,17.8,76,7,SE,13,1019.0,22.0,56,7,SSE,17,1018.4
2016-03-26,19.9,23.0,9.0,5.0,0.0,E,20,11:35,20.3,94,8,ESE,6,1019.9,21.3,94,8,ESE,9,1016.5
2016-03-25,20.9,32.7,0,6.4,7.3,ESE,33,00:31,25.2,62,7,ENE,13,1020.8,32.2,46,7,NE,6,1017.6
2016-03-24,18.5,27.1,0,4.0,7.2,SE,43,22:32,21.3,71,7,E,13,1022.6,25.6,57,6,E,11,1020.1
2016-03-23,19.2,24.0,0,4.0,1.6,SE,35,18:38,20.6,72,8,SE,13,1017.9,23.2,60,7,SE,13,1016.4
2016-03-22,20.7,27.3,0,7.6,2.2,SE,31,22:04,22.5,68,6,SE,11,1012.3,24.6,57,7,SE,15,1011.4
2016-03-21,19.1,33.3,0,8.0,6.8,SW,31,15:44,26.4,52,7,ENE,6,1011.5,27.8,46,7,SSW,17,1009.1
2016-03-20,17.1,31.6,1.2,2.0,10.9,SW,28,15:29,24.4,64,1,E,9,1013.6,30.2,46,3,SSW,13,1010.3
2016-03-19,20.7,25.2,0,9.0,1.2,ENE,37,01:34,21.7,54,7,ESE,7,1012.0,25.1,59,7,E,11,1009.0
2016-03-18,16.9,29.8,0,9.8,10.7,ESE,41,00:25,21.3,54,1,ESE,13,1014.5,28.9,38,7,ESE,13,1010.0
2016-03-17,16.2,28.5,0,7.6,9.6,SE,39,21:29,19.9,53,1,SE,15,1016.1,27.9,26,3,ESE,11,1011.4
2016-03-16,19.5,26.2,0,6.8,9.4,SW,43,15:16,20.3,69,7,S,17,1012.1,24.6,50,1,SSW,22,1010.1
2016-03-15,22.6,28.9,0,11.0,8.9,WSW,26,11:40,25.8,73,3,W,7,1009.8,27.2,64,7,W,13,1007.1
2016-03-14,26.0,39.8,0,13.8,10.8,NE,48,09:13,31.0,31,7,NE,24,1013.4,39.3,17,7,ENE,15,1008.6
2016-03-13,21.1,39.7,0,8.4,10.6,E,31,08:02,29.5,42,2,E,11,1014.6,38.6,17,2,E,11,1011.3
2016-03-12,18.7,33.0,0,8.4,11.2,SSW,39,15:29,24.9,57,0,ESE,9,1016.1,29.7,49,0,SW,17,1012.7
2016-03-11,18.7,29.5,0,8.6,11.1,SW,33,13:34,23.2,55,1,SSE,13,1015.9,27.6,49,1,SW,20,1013.1
2016-03-10,16.5,29.8,0,8.0,7.6,SW,39,16:05,23.5,74,7,S,11,1012.5,27.8,39,7,SW,17,1010.6
2016-03-9,17.8,37.2,0,11.0,11.7,SW,28,17:08,27.7,43,1,NE,11,1012.9,34.4,27,1,WSW,13,1009.9
2016-03-8,19.5,35.1,0,9.4,11.7,SW,31,16:13,26.1,45,0,ENE,13,1015.8,33.3,27,1,W,17,1012.0
2016-03-7,19.0,33.0,0,8.0,11.8,NE,39,09:02,24.0,57,1,E,15,1019.3,32.1,29,1,SSE,13,1015.7
2016-03-6,18.5,32.0,0,8.4,11.8,ESE,31,23:34,23.8,59,5,E,13,1019.7,31.2,34,3,E,11,1016.6
2016-03-5,17.3,28.7,0,7.8,11.9,SW,33,16:24,21.9,57,1,E,11,1019.3,25.9,49,1,SSW,19,1016.3
2016-03-4,15.4,26.9,0,7.6,11.9,SW,37,16:05,19.9,65,1,S,15,1020.5,25.7,53,1,SW,19,1016.5
2016-03-3,15.1,26.8,0,8.4,9.5,SSW,39,16:04,21.8,57,6,SW,9,1017.1,24.8,58,3,WSW,15,1016.0
2016-03-2,13.3,31.4,0,8.4,11.9,SSW,28,15:33,22.4,55,1,E,9,1019.3,30.8,34,0,SW,15,1015.7
2016-03-1,15.7,25.3,0,7.4,11.2,SSW,37,13:52,20.7,63,2,SE,9,1020.3,23.6,48,0,SSW,20,1017.7
2016-02-29,17.3,25.2,0,7.6,10.1,WSW,33,15:25,21.2,65,5,W,11,1016.3,23.7,55,2,WSW,17,1016.4
2016-02-28,21.6,27.4,0,8.8,10.0,SSW,28,16:12,23.2,69,7,W,11,1015.9,25.8,54,1,SW,15,1014.6
2016-02-27,20.8,38.0,0,10.8,10.8,NW,41,14:24,33.0,31,0,NNE,17,1012.4,32.9,38,1,WNW,20,1010.6
2016-02-26,17.0,36.8,0,10.0,12.1,NE,31,09:39,23.3,42,0,E,13,1018.8,36.5,22,2,S,9,1013.4
2016-02-25,14.7,28.3,0,6.8,12.2,SW,39,15:42,20.3,47,0,ESE,9,1021.9,25.5,39,0,SSW,20,1018.5
2016-02-24,12.5,24.0,0.2,8.2,12.0,SW,43,18:33,19.1,55,2,SE,11,1019.0,22.1,41,1,SSW,20,1016.8
2016-02-23,13.1,24.5,0,8.0,8.7,WSW,35,14:45,20.5,61,6,NNW,4,1016.3,22.6,49,3,WSW,19,1014.0
2016-02-22,18.8,24.9,0.2,5.8,9.2,SW,37,14:05,21.6,60,6,SW,17,1016.9,22.7,53,5,WSW,20,1016.5
2016-02-21,18.3,26.7,0,8.4,9.2,WNW,30,12:55,23.5,68,6,NW,13,1011.7,25.2,58,5,WNW,11,1011.3
2016-02-20,19.1,33.6,0,11.2,10.3,ESE,35,00:05,24.1,53,1,E,7,1012.1,31.7,34,3,WSW,17,1007.9
2016-02-19,19.7,30.6,0,9.0,12.1,SE,43,11:47,24.2,49,1,ESE,15,1016.1,29.9,34,3,ESE,17,1012.1
2016-02-18,18.7,31.1,0,11.4,10.0,SE,39,23:07,23.2,57,6,SSE,13,1016.7,29.7,37,6,SE,13,1013.8
2016-02-17,19.8,33.1,0,9.2,12.4,WSW,35,17:32,31.4,22,1,NW,9,1012.3,27.8,51,1,WSW,17,1012.0
2016-02-16,19.8,39.5,0,10.6,11.5,ENE,44,09:17,26.1,35,2,ENE,22,1016.4,38.3,16,1,NE,11,1012.1
2016-02-15,17.9,33.9,0,11.8,12.1,ESE,43,08:08,23.2,50,0,E,13,1021.1,32.6,23,1,ESE,15,1016.3
2016-02-14,16.6,32.3,0,9.6,12.0,SE,35,01:34,21.9,46,3,E,15,1021.4,31.4,25,1,SE,15,1017.3
2016-02-13,19.0,31.3,0,10.0,12.5,SW,39,16:40,22.6,57,1,SE,17,1021.3,31.0,24,0,SSW,19,1017.1
2016-02-12,19.1,29.8,0,9.8,12.4,SW,41,13:44,25.2,66,1,S,7,1017.3,28.2,50,1,SW,20,1015.7
2016-02-11,20.0,33.7,0,11.8,12.3,SW,30,14:56,28.0,63,0,N,4,1013.0,32.9,37,1,SW,19,1011.3
2016-02-10,21.7,40.3,0,12.0,12.5,SW,26,12:41,30.4,30,1,NE,9,1013.8,37.2,20,1,WSW,13,1011.1
2016-02-9,19.2,41.2,0,13.4,12.6,W,28,15:31,33.4,19,0,NE,9,1014.8,39.8,12,0,WSW,13,1012.3
2016-02-8,21.2,42.5,0,13.2,12.5,NE,39,08:36,33.2,18,0,NE,22,1015.7,42.1,10,0,NE,11,1012.2
2016-02-7,20.1,40.4,0,12.0,12.7,ENE,35,03:01,27.2,45,0,ENE,17,1015.8,39.8,12,1,SSE,9,1012.9
2016-02-6,19.1,34.3,0,11.8,12.7,SSW,33,16:20,27.1,40,0,NE,9,1015.3,31.0,37,1,WSW,19,1013.3
2016-02-5,15.5,36.1,0,11.4,12.7,SW,37,14:06,28.9,32,0,NNE,11,1015.0,32.1,26,0,SW,17,1012.8
2016-02-4,16.4,34.4,0,9.2,12.6,SSW,35,17:10,25.2,43,1,ENE,11,1019.3,34.0,19,0,ENE,11,1014.4
2016-02-3,16.2,31.5,0,8.8,12.8,SE,50,13:13,22.7,50,0,ENE,15,1020.9,30.5,22,1,SE,11,1017.0
2016-02-2,10.0,26.4,0,7.2,12.7,SSW,41,15:14,18.6,49,0,SSE,13,1019.1,25.1,45,0,SSW,17,1016.1
2016-02-1,9.9,22.9,0.2,5.6,11.9,SW,41,16:24,18.1,49,1,SSE,15,1011.7,21.7,40,2,SSW,19,1010.8
2016-01-31,19.4,24.5,6.4,14.4,3.9,SSW,57,14:12,22.5,78,7,S,11,1001.7,20.9,67,7,SSW,20,1002.7
2016-01-30,24.5,27.0,0,15.8,1.3,S,35,11:35,27.0,39,7,E,7,1006.3,20.5,88,8,ENE,7,1006.0
2016-01-29,19.5,37.1,0,12.6,11.2,ENE,43,09:27,24.5,49,7,ENE,19,1013.1,35.9,23,4,NE,19,1008.6
2016-01-28,17.6,34.4,0,11.2,11.9,E,37,07:43,23.3,55,1,E,15,1016.9,33.7,26,3,ESE,11,1013.5
2016-01-27,21.5,33.1,0,11.4,11.1,E,35,23:19,25.3,52,7,ESE,11,1015.6,32.0,31,7,SSE,19,1013.2
2016-01-26,21.1,33.1,0.8,6.6,11.6,SW,43,15:57,27.1,61,3,ESE,9,1012.5,29.9,51,4,SSW,22,1010.6
2016-01-25,20.8,33.6,4.4,10.6,9.2,SSW,31,17:10,25.5,67,5,E,13,1010.6,32.6,50,2,S,13,1007.9
2016-01-24,19.2,35.6,1.0,9.4,12.8,SW,37,15:52,27.1,59,1,E,9,1015.3,32.6,44,4,SSW,20,1011.6
2016-01-23,17.3,34.9,0,10.0,11.1,SW,37,15:41,27.8,45,1,E,9,1014.8,32.0,36,2,SW,19,1011.5
2016-01-22,16.7,28.9,0,8.2,13.1,SW,35,16:56,22.1,51,1,ENE,13,1018.2,26.2,49,1,SSW,19,1015.1
2016-01-21,16.8,27.5,0,6.4,8.6,SSW,37,17:11,21.3,64,7,S,11,1014.2,27.0,52,3,SSW,19,1012.9
2016-01-20,14.6,26.7,0.4,3.1,9.0,WSW,31,16:40,21.3,67,2, ,Calm,1008.4,26.0,54,7,SW,15,1007.2
2016-01-19,13.9,26.3,0.4,5.2,5.5,NE,41,17:08,18.6,66,6,NE,17,1005.2,24.5,42,5,SSW,15,1003.5
2016-01-18,18.2,23.6,1.2,8.0,2.9,W,50,16:20,19.9,84,8,WSW,13,1006.2,22.6,60,7,WSW,13,1004.6
2016-01-17,19.9,31.4,0,9.6,9.2,SSW,31,16:48,27.9,54,5,WSW,7,1010.5,29.7,48,7,SW,13,1007.1
2016-01-16,21.2,38.7,0,11.4,8.4,NNE,39,08:36,32.4,27,7,NE,20,1013.5,35.2,24,6,WSW,17,1011.0
2016-01-15,19.1,36.7,0,13.4,11.6,ENE,33,10:37,29.6,29,1,NE,15,1019.0,35.5,17,3,SSW,17,1014.9
2016-01-14,15.9,34.2,0,12.4,13.2,ESE,37,02:03,22.7,42,1,ENE,15,1023.8,32.3,19,1,ENE,13,1018.6
2016-01-13,15.3,31.0,0.6,8.8,13.3,ESE,43,23:52,20.7,50,6,ESE,17,1023.4,30.0,22,1,SE,17,1019.7
2016-01-12,18.6,26.0,0,7.0,7.0,SW,39,12:20,21.4,83,7,W,17,1014.3,24.8,57,5,SSW,19,1014.7
2016-01-11,16.5,27.4,0,5.4,7.9,W,30,15:42,22.0,72,4,N,9,1013.0,26.2,56,3,W,15,1011.8
2016-01-10,18.9,26.4,0,9.6,4.7,SSW,28,14:26,23.0,66,7,W,11,1013.1,24.3,53,5,WSW,17,1012.6
2016-01-9,18.9,34.7,0,10.4,11.6,WNW,35,14:54,29.2,43,1,NNE,9,1012.4,31.2,45,5,WNW,17,1009.5
2016-01-8,25.6,37.7,0,15.4,6.1,,,,30.5,39,6,ENE,11,1012.3,34.7,26,7,ESE,19,1010.9
2016-01-7,21.7,41.9,0,11.8,12.6,NE,44,13:20,33.2,28,1,ENE,19,1014.6,41.0,15,5,NE,13,1010.5
2016-01-6,19.9,33.5,0,6.4,12.6,W,31,14:54,26.1,59,0,E,6,1014.8,29.7,53,1,W,17,1012.4
2016-01-5,20.4,27.9,0,7.0,10.3,W,26,12:51,23.1,72,6,N,9,1012.2,26.5,62,1,WSW,15,1010.6
2016-01-4,23.4,31.5,0,13.4,4.2,WSW,28,11:36,28.0,47,8,N,6,1010.9,29.3,42,7,W,13,1010.2
2016-01-3,23.1,36.7,0,10.8,12.3,SW,35,14:55,28.9,44,4,E,9,1012.1,32.3,37,4,WSW,22,1009.5
2016-01-2,21.9,36.0,0,13.2,11.4,SSW,43,16:55,26.4,46,2,E,13,1011.4,34.6,30,1,SSW,17,1008.0
2016-01-1,17.1,35.0,0,13.2,12.2,ESE,44,02:24,23.2,48,3,ESE,17,1015.9,33.5,23,7,ESE,15,1010.8
2015-11-30,13.4,24.5,0,9.8,13.2,SW,48,14:34,18.8,54,4,S,17,1020.3,21.8,48,0,SSW,28,1017.3
2015-11-29,14.9,26.4,0,8.6,13.0,SSW,43,14:04,23.4,51,3,S,6,1016.3,23.7,51,1,SW,20,1015.3
2015-11-28,17.2,27.9,0,9.8,12.6,SSW,35,16:28,23.4,52,2,SSE,9,1014.8,25.7,50,1,SW,20,1013.8
2015-11-27,16.0,31.4,0,9.0,13.0,WSW,31,13:30,24.7,42,2,ENE,7,1012.3,28.4,38,,WSW,13,1010.1
2015-11-26,14.6,30.9,0,9.8,12.0,SW,39,17:44,21.3,45,1,ESE,17,1017.5,28.8,37,6,SSW,19,1012.2
2015-11-25,14.9,25.9,0,10.4,13.2,SW,39,14:30,20.2,56,1,SSE,9,1017.4,24.1,50,1,SSW,22,1014.0
2015-11-24,16.9,25.6,0,7.8,12.5,SSW,44,13:32,22.4,61,5,S,15,1015.2,25.3,49,1,SW,24,1013.0
2015-11-23,17.8,27.0,0,10.0,11.5,W,46,19:56,24.0,66,4,NW,13,1014.8,25.2,59,5,W,13,1012.6
2015-11-22,22.8,35.3,0,12.2,11.9,NE,41,07:47,30.5,20,6,NE,24,1014.8,31.6,27,0,WNW,13,1013.4
2015-11-21,15.9,34.9,0,11.0,12.9,E,39,03:18,24.9,32,3,ENE,19,1020.8,34.6,11,3,E,9,1016.4
2015-11-20,13.1,29.0,0,7.6,13.1,SW,37,17:14,20.2,49,1,E,13,1026.1,26.2,39,6,SW,19,1020.8
2015-11-19,12.6,22.3,2.2,6.2,12.7,WSW,35,12:26,19.2,52,3,SW,13,1023.2,21.2,39,1,SW,17,1022.5
2015-11-18,16.6,22.1,1.4,7.2,8.5,WSW,43,11:25,20.4,50,6,WNW,15,1015.9,20.7,49,7,WSW,20,1016.3
2015-11-17,14.9,26.0,0,10.8,9.0,WNW,43,10:41,24.6,61,1,NW,15,1006.1,19.6,84,7,WNW,19,1009.3
2015-11-16,15.1,32.3,0,10.8,13.1,WSW,24,11:27,25.8,41,0,NE,11,1012.3,31.3,23,0,W,9,1009.3
2015-11-15,19.8,31.4,0.2,13.2,12.2,SW,35,16:33,26.5,50,1,SE,7,1012.5,27.8,46,0,SSW,15,1012.0
2015-11-14,22.2,39.4,0,8.0,12.6,NE,35,08:43,32.3,28,1,NE,20,1012.1,34.4,25,1,W,19,1008.6
2015-11-13,20.5,36.0,0,10.8,12.6,E,33,04:33,26.0,41,1,E,13,1018.4,35.4,22,1,WSW,13,1014.6
2015-11-12,16.0,33.5,0,8.6,11.9,SW,39,15:35,25.2,51,5,ESE,9,1019.1,29.8,43,5,SW,15,1017.1
2015-11-11,15.4,29.4,0,8.6,12.6,SSW,28,15:48,23.2,64,0,S,6,1017.2,28.1,46,1,SW,11,1015.2
2015-11-10,17.3,32.2,0,8.6,12.8,ENE,33,06:51,24.7,52,3,NE,13,1017.1,27.6,50,6,SW,15,1014.4
2015-11-9,15.5,30.9,0,7.0,12.4,SSW,35,14:43,22.0,62,1,SE,9,1019.9,25.6,51,2,SW,22,1016.2
2015-11-8,14.1,25.8,0,4.2,12.7,SW,43,16:39,20.3,61,0,WSW,7,1019.0,22.6,58,1,SSW,24,1017.2
2015-11-7,17.3,22.9,0.6,7.4,4.0,SW,37,16:04,18.5,65,8,S,15,1013.6,21.2,59,6,SW,13,1013.5
2015-11-6,17.0,24.7,0,6.0,8.3,SW,39,13:48,21.4,56,7,S,13,1007.1,24.2,57,3,SSW,20,1003.7
2015-11-5,11.8,24.1,0,7.0,9.0,WSW,31,13:50,21.6,55,6,NNW,7,1008.1,22.2,53,7,W,13,1006.5
2015-11-4,14.6,25.3,0,7.2,12.2,SW,31,18:05,20.9,60,1,S,6,1015.5,24.5,45,1,SW,13,1011.3
2015-11-3,13.5,26.0,0,5.8,12.6,SW,33,16:38,21.4,52,0,ENE,7,1018.7,24.8,48,1,SW,17,1016.2
2015-11-2,14.6,23.1,16.0,5.6,10.3,WSW,35,13:49,18.6,73,4,S,7,1010.4,22.4,64,4,SW,19,1012.1
2015-11-1,12.6,26.3,0,7.0,6.9,W,24,17:15,17.5,75,7,E,6,1013.9,24.6,34,3,WSW,13,1008.7
2015-10-31,16.8,25.1,10.4,5.0,10.8,SW,33,16:26,21.6,68,7,WNW,9,1016.6,23.8,52,3,WSW,15,1015.5
2015-10-30,17.6,27.7,0,5.2,5.8,NW,30,11:43,22.5,65,5,N,9,1016.1,23.9,62,7,WNW,15,1014.9
2015-10-29,15.8,26.1,0,7.2,10.1,W,28,13:48,21.1,77,8,NNE,7,1016.2,24.7,63,0,W,13,1014.2
2015-10-28,17.2,27.6,2.8,5.0,11.1,WSW,28,15:59,22.3,69,3,E,9,1014.8,25.6,52,2,WSW,13,1013.7
2015-10-27,15.4,26.9,0,8.0,5.6,ENE,30,04:54,20.4,62,7,ESE,13,1015.8,25.9,50,8,SW,11,1013.2
2015-10-26,14.2,28.7,0,6.4,12.0,SW,31,16:54,19.9,59,2,ESE,11,1019.0,27.8,37,1,SE,9,1015.1
2015-10-25,15.1,25.1,0,5.6,8.8,E,39,08:04,20.8,51,3,ESE,9,1019.8,24.0,45,5,S,17,1016.9
2015-10-24,15.1,23.8,0,4.8,6.3,SSW,37,13:48,18.6,65,7,S,9,1020.1,22.4,60,4,SW,19,1017.2
2015-10-23,16.7,23.1,0,5.0,6.6,SW,37,16:17,20.0,68,7,SW,17,1016.6,21.0,63,7,SW,17,1016.2
2015-10-22,14.1,23.6,0,7.0,5.3,SW,28,11:31,21.3,74,7,SW,11,1014.2,22.0,66,7,WSW,13,1014.4
2015-10-21,12.1,31.7,0,8.8,12.3,SW,30,13:13,24.6,42,0,E,7,1017.3,27.7,37,0,SW,17,1014.8
2015-10-20,9.7,27.4,0,5.8,12.0,SW,33,16:19,21.0,51,0,ENE,9,1021.7,25.8,34,0,SW,17,1018.1
2015-10-19,11.5,22.1,3.0,4.2,10.2,SW,31,14:40,17.6,64,3,SSE,11,1022.9,21.1,47,1,SW,17,1021.0
2015-10-18,13.0,23.6,0,7.2,5.7,WSW,31,19:08,20.1,53,6,W,13,1017.4,18.3,79,7,NW,11,1017.0
2015-10-17,9.3,30.3,0,6.8,12.1,SW,37,15:32,21.5,46,0,E,11,1017.8,26.6,33,1,SW,19,1013.5
2015-10-16,6.8,22.5,0,3.8,12.0,SW,35,16:48,17.2,47,1,S,9,1023.9,21.0,40,0,SW,17,1020.6
2015-10-15,12.9,20.6,1.8,5.6,9.4,SW,30,01:07,16.8,54,7,SSE,15,1022.5,19.3,42,2,SSW,17,1021.3
2015-10-14,15.5,22.1,1.0,6.6,5.8,W,35,13:53,17.7,90,8,WSW,9,1014.4,20.1,56,7,W,15,1014.2
2015-10-13,15.1,31.8,0,7.0,9.5,WSW,41,12:38,19.0,79,1,NE,6,1014.5,25.3,47,1,WNW,13,1011.4
2015-10-12,17.0,33.4,0,8.2,11.8,SW,28,14:07,25.4,46,1,ENE,6,1018.7,29.2,32,1,SW,15,1014.8
2015-10-11,16.5,33.2,0,7.8,9.9,NE,26,11:57,24.1,52,2,E,9,1021.6,32.4,29,2,ESE,9,1018.5
2015-10-10,14.4,32.4,0,8.0,11.2,SW,26,13:05,24.0,57,2,SSE,6,1022.8,29.3,47,1,SW,13,1020.0
2015-10-9,13.0,33.2,0,7.4,11.7,WSW,24,14:12,26.7,29,0,ENE,7,1021.7,31.0,28,1,W,13,1019.0
2015-10-8,9.6,29.2,0,6.6,11.6,SSW,31,14:37,23.4,28,1,S,4,1021.7,26.7,33,1,SW,19,1019.0
2015-10-7,10.8,27.9,0,5.8,11.2,ENE,35,08:43,19.6,32,2,ENE,17,1024.3,26.7,16,5,ENE,9,1019.5
2015-10-6,5.9,21.8,0.2,5.2,11.2,SE,28,09:14,14.7,48,1,E,11,1029.7,21.0,27,0,E,11,1025.9
2015-10-5,15.9,21.0,1.2,7.4,8.4,WSW,54,13:00,19.4,55,5,W,19,1019.0,17.3,57,7,WSW,20,1020.9
2015-10-4,15.5,23.7,0,3.6,6.9,NW,37,12:59,19.7,85,5,N,11,1020.4,21.2,65,7,NW,15,1018.6
2015-10-3,14.3,24.8,0.2,4.2,10.1,NW,35,15:30,21.3,73,7,SSW,6,1022.0,23.0,63,4,NW,17,1021.6
2015-10-2,12.0,27.5,0,6.4,5.4,N,20,10:21,21.3,44,7,NE,2,1021.1,26.2,30,7,WNW,7,1017.9
2015-10-1,11.9,32.4,0,4.4,11.2,NNE,31,10:54,23.4,50,0,NE,11,1022.0,27.2,28,0,WNW,17,1019.1
2015-09-30,11.4,24.1,0,5.2,10.8,SSW,24,13:28,19.3,71,1,NNE,9,1024.6,22.6,52,1,SW,13,1023.4
2015-09-29,12.3,22.3,0,5.0,9.8,W,24,11:20,18.9,69,6,NNE,4,1018.3,21.5,43,2,W,11,1018.1
2015-09-28,12.6,27.6,0,5.2,11.1,E,24,07:23,19.5,55,1,NE,13,1017.2,23.1,49,2,WSW,13,1014.4
2015-09-27,14.0,26.1,0,5.8,11.1,E,43,08:08,17.6,59,1,ESE,13,1023.7,25.6,34,2,ENE,11,1018.9
2015-09-26,10.2,23.2,0,7.2,9.5,SSW,33,15:38,16.3,69,1,SSE,7,1025.1,20.9,51,1,SW,17,1022.1
2015-09-25,14.1,22.6,0,5.0,11.0,SSW,31,16:01,19.0,66,1,SSE,13,1021.2,21.4,51,1,SW,13,1019.9
2015-09-24,13.1,31.5,0,5.6,8.0,NNE,39,09:11,23.6,27,7,NNE,17,1019.3,24.7,41,3,W,17,1018.0
2015-09-23,10.5,30.2,0,8.0,11.0,NE,37,08:06,20.8,29,0,NE,24,1024.8,29.7,18,1,ENE,9,1021.3
2015-09-22,10.9,25.8,0,6.4,11.0,ENE,33,07:06,18.8,39,1,NE,15,1027.6,25.2,24,1,ENE,15,1023.9
2015-09-21,9.5,23.1,0,5.0,11.1,SSE,44,14:21,15.2,52,0,ENE,17,1030.0,22.5,28,0,E,13,1025.9
2015-09-20,7.5,20.3,0,5.2,11.1,ESE,30,09:53,13.3,49,0,ESE,13,1030.8,19.7,33,0,SSE,13,1026.9
2015-09-19,12.8,19.1,0,5.4,8.4,S,41,08:04,15.7,63,4,S,19,1026.0,17.7,48,5,SSW,20,1024.4
2015-09-18,7.3,23.8,0,5.2,9.5,SW,35,16:18,18.6,47,1,SW,6,1021.3,21.3,42,7,SW,15,1019.8
2015-09-17,7.0,26.0,0,4.0,11.0,SW,24,14:32,16.1,45,,E,7,1025.6,24.8,29,0,WSW,13,1021.9
2015-09-16,4.9,20.2,0,4.0,10.9,E,30,08:25,12.8,59,0,E,13,1029.1,19.7,40,0,S,20,1024.8
2015-09-15,9.0,17.8,1.2,3.8,9.5,SE,30,10:29,12.2,57,4,ESE,9,1029.1,17.1,40,1,S,13,1025.7
2015-09-14,9.5,18.6,0,3.0,6.0,WSW,28,16:15,14.0,69,1,NE,7,1027.5,18.1,56,5,SW,13,1025.8
2015-09-13,6.2,18.3,8.8,3.8,9.2,SW,37,13:41,12.6,78,2,N,2,1024.6,17.6,45,3,SW,17,1024.0
2015-09-12,13.5,17.3,19.4,3.2,5.4,W,52,10:41,13.8,76,7,W,17,1015.4,15.2,53,5,W,20,1016.0
2015-09-11,10.4,21.2,8.0,1.6,10.1,NW,48,11:27,17.0,69,6,NNW,9,1018.6,20.6,60,4,NW,19,1016.2
2015-09-10,15.6,21.7,0,6.4,0.3,NNW,43,10:27,20.2,72,8,NW,15,1014.2,15.2,87,8,NNW,13,1016.2
2015-09-9,7.7,32.1,0,6.6,10.4,NNW,50,15:02,19.8,35,7,ENE,9,1018.6,31.1,16,1,NNW,17,1014.3
2015-09-8,8.1,27.0,0,3.4,10.8,NE,35,10:17,18.9,41,3,NE,15,1024.1,26.6,20,0,NE,11,1020.4
2015-09-7,5.6,23.9,0,4.0,10.6,E,20,06:33,15.2,56,0,ENE,7,1028.7,23.2,29,0,N,6,1024.6
2015-09-6,5.1,19.0,0,3.6,10.5,SSW,28,17:06,12.8,62,1,S,11,1029.2,18.4,42,6,WSW,7,1026.7
2015-09-5,13.0,19.2,8.0,3.0,8.6,SSW,50,12:41,17.8,62,3,WSW,13,1020.7,16.8,62,5,SW,17,1021.6
2015-09-4,4.7,20.3,0,2.8,8.0,NW,33,14:20,13.7,70,1,NE,7,1017.6,18.2,63,7,NNW,13,1015.5
2015-09-3,8.4,20.6,0,3.2,10.4,ENE,30,09:13,13.1,62,0,ENE,13,1023.5,19.9,31,3,NNW,7,1019.8
2015-09-2,2.8,17.1,0,3.8,7.1,NE,26,11:51,10.8,65,1,SE,9,1028.3,15.2,48,7,E,9,1024.8
2015-09-1,7.2,15.5,6.6,3.2,10.3,S,35,10:12,10.7,64,1,SSE,15,1024.2,15.1,53,6,SW,17,1023.1
2015-08-31,8.7,17.6,0.2,4.6,6.3,SW,52,18:37,13.9,75,1,NNE,11,1019.1,15.5,69,7,WSW,19,1016.5
2015-08-30,13.8,18.7,15.6,2.5,7.8,SSW,31,10:35,15.4,74,7,SSE,4,1019.5,17.4,51,4,SW,15,1019.8
2015-08-29,12.3,21.3,4.2,3.2,7.4,N,50,20:45,16.1,91,7,NNE,13,1014.0,20.5,75,5,WNW,15,1011.9
2015-08-28,11.7,21.6,0,3.8,7.0,NW,37,13:15,17.6,82,4,NNE,11,1016.2,20.5,71,3,NNW,11,1014.3
2015-08-27,9.1,25.1,0,3.6,10.2,NE,30,13:14,15.9,50,3,E,6,1018.3,24.8,33,3,NE,17,1013.5
2015-08-26,7.9,21.3,0,4.2,5.7,ENE,31,09:43,14.2,55,7,NE,15,1021.9,20.4,36,7,NNE,9,1019.0
2015-08-25,8.1,19.5,0,3.8,10.4,NE,28,09:16,13.5,63,1,NE,13,1027.7,19.1,37,3,E,9,1023.6
2015-08-24,8.7,19.0,0,1.4,10.5,NE,31,10:23,12.7,74,1,ESE,13,1031.0,18.5,44,2,E,11,1027.6
2015-08-23,5.2,18.8,0,2.4,9.2,ENE,26,10:47,11.4,76,1,SE,7,1028.9,16.9,49,3,SSE,11,1026.7
2015-08-22,4.3,17.3,29.6,3.8,8.0,SSE,26,14:01,8.6,99,6,NE,7,1018.3,16.8,60,7,SSW,13,1019.4
2015-08-21,9.7,16.2,7.0,1.6,3.0,WSW,41,16:04,13.4,97,7,N,7,1012.7,15.6,64,5,W,15,1010.4
2015-08-20,11.5,18.4,16.8,4.4,8.9,SW,48,13:27,15.7,79,6,S,9,1013.0,17.8,50,3,WSW,20,1013.4
2015-08-19,13.3,20.2,1.0,3.8,5.8,WSW,50,21:31,16.9,82,1,WNW,7,1013.7,18.5,64,7,NW,19,1008.9
2015-08-18,12.2,20.1,5.0,1.4,9.5,W,41,06:01,17.7,63,3,W,17,1017.0,19.4,55,3,WNW,13,1015.5
2015-08-17,15.4,20.6,5.6,0.8,1.7,NW,35,16:13,16.7,96,7,NE,4,1019.0,18.6,79,7,N,9,1015.5
2015-08-16,9.1,23.3,0,4.4,7.3,W,22,14:11,16.2,58,2,N,9,1021.7,21.8,64,6,W,9,1020.2
2015-08-15,7.9,27.0,0,4.6,9.9,NNE,26,13:09,17.6,54,0,NE,13,1022.0,26.6,23,1,NE,11,1019.4
2015-08-14,6.1,23.1,0,1.2,9.8,SSW,17,16:12,12.7,82,0,ENE,2,1025.1,22.4,45,1,ENE,6,1020.9
2015-08-13,11.8,17.1,0,2.0,0.6,SW,15,14:09,15.2,69,7,SW,2,1028.0,16.7,76,7,SW,7,1025.0
2015-08-12,5.5,17.2,0,2.6,5.6,SSE,22,12:01,11.9,86,6,S,6,1031.7,16.7,62,3,SE,11,1028.6
2015-08-11,10.1,18.3,3.8,2.0,7.1,SSW,30,00:01,13.9,66,6,SSE,9,1029.0,17.4,53,5,SSW,13,1028.3
2015-08-10,8.0,18.8,4.0,1.8,5.0,WSW,48,15:51,11.3,95,6,NE,7,1020.7,18.4,58,4,W,20,1019.4
2015-08-9,4.6,15.5,12.6,1.6,6.5,WSW,24,16:38,8.0,88,3,NNE,9,1024.3,14.6,55,7,W,6,1021.5
2015-08-8,8.4,15.2,6.4,2.2,2.8,SW,52,16:09,12.8,95,7, ,Calm,1013.1,14.6,49,7,WSW,24,1013.7
2015-08-7,12.1,18.3,1.0,1.4,2.7,NNE,19,10:43,13.4,90,7,NNE,9,1015.3,17.7,78,7,NW,9,1013.2
2015-08-6,9.6,19.9,0,4.0,4.0,NE,30,11:56,12.1,63,7,ENE,9,1021.4,19.5,43,2,NE,11,1017.2
2015-08-5,6.6,18.3,0,1.4,8.7,NE,33,13:39,13.2,73,6,E,7,1030.1,17.6,50,3,ENE,13,1025.7
2015-08-4,8.2,18.1,0,2.8,8.2,NE,26,12:10,12.1,70,7,E,11,1033.7,17.7,46,5,E,9,1030.4
2015-08-3,4.3,18.3,0,2.6,8.0,NE,20,12:33,12.3,72,1,E,4,1035.5,17.5,47,7,SE,9,1032.3
2015-08-2,6.0,17.0,0,2.2,7.1,NE,28,12:46,11.3,67,7,ESE,7,1034.3,16.6,47,1,ESE,9,1031.6
2015-08-1,11.7,18.1,0.2,2.0,6.8,SE,39,00:36,13.5,67,2,SE,17,1023.3,16.6,54,7,ESE,13,1024.5
2015-07-31,15.8,21.5,18.4,1.6,0.0,SSE,33,22:42,16.8,98,7,NNE,7,1013.4,20.6,60,5,SW,13,1010.7
2015-07-30,15.1,20.0,0.4,1.6,0.0,NNE,43,19:09,16.7,99,8,NE,2,1020.5,19.3,77,7,N,11,1017.1
2015-07-29,9.7,19.7,5.2,0.6,1.4,N,19,11:18,15.1,94,7,NNE,7,1018.6,19.6,79,7,NW,7,1018.2
2015-07-28,11.7,15.2,0.4,2.6,1.3,NNE,39,10:39,11.9,85,8,NE,17,1019.4,15.0,80,7,NE,15,1014.7
2015-07-27,7.1,21.0,0,1.6,7.3,NNE,31,11:01,11.8,69,7,ENE,7,1029.8,20.2,39,3,ENE,13,1024.4
2015-07-26,3.9,18.2,0,1.8,7.9,NE,20,10:01,11.0,87,1,ENE,9,1032.9,17.2,56,5,E,7,1029.8
2015-07-25,8.4,18.1,0,1.8,5.3,SSW,28,15:56,11.3,86,5,NE,7,1028.1,16.9,62,4,SSE,17,1027.0
2015-07-24,2.2,18.0,0,3.2,8.0,SW,26,13:54,8.5,84,1,SSE,7,1028.7,17.2,51,3,SW,15,1026.2
2015-07-23,10.3,16.5,8.4,0.4,5.8,S,48,02:54,13.1,81,1,SE,7,1021.0,15.7,56,6,S,13,1022.0
2015-07-22,7.3,18.3,0.2,2.2,4.1,WNW,30,12:22,12.2,73,2,NNE,11,1018.8,15.5,81,7,NW,11,1016.5
2015-07-21,8.9,17.7,8.6,2.8,8.2,SW,31,00:49,11.6,86,1,ESE,7,1016.3,15.0,57,6,SW,13,1017.3
2015-07-20,13.6,19.8,33.2,2.2,7.4,W,41,16:47,15.8,94,5,NW,7,1008.9,18.2,68,3,W,15,1006.4
2015-07-19,13.1,19.0,0.8,0.4,0.1,NNW,31,22:29,14.7,51,7,NNE,11,1018.2,18.5,45,7,NNE,13,1013.7
2015-07-18,12.6,20.5,0.8,3.2,1.8,ENE,15,11:31,14.4,91,7,E,2,1024.2,20.1,70,7,NNE,6,1021.7
2015-07-17,11.7,20.8,0,3.8,2.0,NNE,35,09:49,14.4,46,5,NE,17,1023.3,20.0,41,8,NNE,7,1021.0
2015-07-16,9.4,19.0,0,2.2,9.3,NE,44,08:45,12.3,55,0,NE,24,1026.7,18.7,41,3,NNE,15,1023.0
2015-07-15,8.2,17.6,0,3.0,9.4,NE,35,11:38,12.8,76,2,E,11,1030.7,17.1,54,1,NE,17,1027.1
2015-07-14,7.9,18.4,0,2.4,9.2,NE,31,10:56,11.6,73,1,ESE,9,1032.2,17.8,50,1,ESE,11,1028.9
2015-07-13,5.4,17.7,0,1.6,7.7,ENE,24,13:09,8.9,74,7,ESE,7,1032.5,16.5,50,7,ESE,11,1028.8
2015-07-12,2.8,17.1,0,2.0,9.2,NE,24,10:46,9.4,74,0,ENE,4,1033.1,16.4,46,0,E,11,1029.2
2015-07-11,2.6,16.7,0.2,1.0,9.1,E,22,10:04,10.3,75,1,ENE,7,1034.7,16.1,45,0,SE,9,1032.0
2015-07-10,6.8,17.2,1.2,1.8,4.7,SE,20,10:56,10.1,83,7,NNE,7,1027.3,16.9,55,4,SW,11,1027.4
2015-07-9,0.8,15.6,0,3.0,9.2,ENE,17,12:14,7.3,82,1,SSE,6,1029.7,14.7,48,2,WSW,2,1025.7
2015-07-8,9.1,15.0,9.2,0.6,9.5,S,33,00:23,10.7,76,1,S,11,1026.5,14.8,45,3,SSE,13,1024.5
2015-07-7,11.2,18.7,5.6,0.4,2.3,S,35,23:11,14.2,98,7,NNE,6,1020.1,17.5,89,7,WSW,11,1017.8
2015-07-6,9.1,20.0,2.6,1.2,4.0,WNW,28,13:29,12.2,99,6,NNE,9,1022.6,16.5,94,8,NNW,9,1020.2
2015-07-5,10.7,20.5,1.8,1.6,4.2,SW,26,13:17,13.3,99,2,NNE,9,1022.0,16.0,94,6,WSW,6,1020.7
2015-07-4,10.9,21.0,0,1.2,5.0,W,31,14:29,13.6,99,3,NNE,7,1023.0,18.5,72,7,WSW,9,1021.1
2015-07-3,11.6,21.7,3.8,1.2,5.8,WSW,22,14:57,14.4,99,5,WNW,4,1022.9,20.9,67,3,W,11,1021.6
2015-07-2,13.0,21.0,1.6,0.6,1.0,N,24,14:26,14.9,72,7,ENE,7,1022.9,20.1,53,7,N,11,1020.8
2015-07-1,10.6,19.5,0,2.2,1.4,NNW,17,10:34,13.7,81,3, ,Calm,1024.0,18.7,58,8,NNE,4,1023.3
2015-06-30,6.4,23.2,0,3.2,5.8,NE,24,10:28,12.7,59,7,ENE,9,1023.6,21.7,42,6,WNW,9,1021.8
2015-06-29,6.8,24.4,0,2.0,9.1,NE,28,10:24,13.6,57,2,ENE,11,1025.7,23.9,29,1,N,6,1022.6
2015-06-28,8.5,20.3,0,2.8,9.1,NE,30,10:22,12.8,71,0,ENE,13,1029.5,19.8,44,1,ENE,11,1026.6
2015-06-27,7.6,19.1,0,2.8,9.0,ENE,30,09:30,12.8,78,1,E,11,1031.4,18.9,51,1,E,9,1028.3
2015-06-26,6.8,20.7,0,1.8,5.0,E,19,13:36,12.0,77,7,WNW,2,1028.7,19.8,50,7,ESE,7,1026.8
2015-06-25,4.5,20.7,0,2.4,9.2,NNE,22,11:46,11.0,81,0,NNE,6,1027.6,20.0,43,1,NW,9,1024.2
2015-06-24,4.2,19.7,0,0.8,9.0,N,24,10:58,11.3,81,0,NE,7,1030.5,19.1,48,1,NNE,9,1027.8
2015-06-23,2.3,16.8,0,3.6,9.1,NE,17,14:19,8.8,89,0,ENE,7,1029.6,16.6,47,1,NE,2,1027.3
2015-06-22,10.0,15.8,13.4,1.8,7.2,SW,43,02:53,11.5,82,6,S,13,1021.7,15.3,50,1,SSE,17,1022.4
2015-06-21,14.2,19.4,33.0,2.8,2.9,WSW,61,17:06,15.3,87,7,W,11,1006.8,14.2,70,7,SW,24,1008.1
2015-06-20,15.8,22.4,15.8,2.4,6.8,WNW,35,10:52,17.9,98,5,N,6,1012.4,20.9,70,8,NW,17,1010.9
2015-06-19,14.9,23.3,23.4,1.2,4.6,NNW,28,15:27,17.1,99,7,NNE,7,1013.6,22.8,65,4,NW,9,1011.7
2015-06-18,13.2,21.3,3.2,2.6,2.4,NE,35,02:51,15.0,78,7,NE,15,1010.8,20.8,69,7,ENE,9,1009.3
2015-06-17,14.5,19.4,0,3.6,1.2,ENE,43,05:35,14.6,69,7,NE,15,1015.4,18.9,54,3,ENE,17,1011.9
2015-06-16,9.5,21.8,0,3.8,5.8,NE,33,11:46,15.7,54,4,NE,11,1020.8,21.3,38,7,ENE,15,1016.2
2015-06-15,5.1,19.4,0,1.6,8.4,E,26,09:42,12.8,73,2,E,9,1022.7,18.6,44,3,E,7,1019.2
2015-06-14,5.3,18.8,0,2.0,7.7,SSE,31,12:53,12.1,72,1,SSE,9,1023.5,18.2,42,6,ESE,11,1020.6
2015-06-13,8.3,17.8,0,2.8,6.3,S,24,15:54,13.2,80,4,SE,7,1022.6,17.2,58,8,SSE,13,1019.9
2015-06-12,13.3,20.8,0.4,1.6,5.6,SW,28,17:42,14.6,92,4, ,Calm,1019.6,19.7,66,3,SW,13,1017.5
2015-06-11,11.0,25.1,0,4.0,6.3,NE,28,10:16,17.2,54,1,NE,15,1019.8,23.1,38,7,NNW,6,1016.9
2015-06-10,12.9,23.8,0,3.2,9.2,ENE,31,09:24,16.3,64,0,ENE,9,1024.9,23.3,44,0,ENE,9,1020.6
2015-06-9,9.7,22.9,0,3.0,8.9,ENE,30,08:28,14.6,68,1,ENE,15,1027.5,22.6,47,3,E,11,1024.3
2015-06-8,7.0,20.8,0,0.8,7.0,SSE,24,13:06,13.4,86,1,NE,9,1027.5,20.1,52,3,S,7,1025.5
2015-06-7,9.0,21.7,0.6,2.0,6.5,WSW,19,14:58,13.0,84,6,SW,7,1026.0,21.1,55,7,SW,11,1024.6
2015-06-6,12.2,20.8,0.2,2.4,4.7,WSW,22,12:15,14.3,98,6,W,6,1022.7,20.0,61,3,WSW,13,1021.7
2015-06-5,9.2,23.4,0,0.8,8.7,W,15,13:12,14.9,95,1, ,Calm,1021.1,22.7,52,4,SW,6,1019.3
2015-06-4,12.6,22.9,3.2,1.0,7.2,N,22,11:33,15.6,96,4,NNE,7,1024.0,22.3,62,3,W,9,1022.1
2015-06-3,15.8,22.7,2.0,2.6,5.9,WNW,41,07:48,20.5,67,2,WNW,13,1018.3,18.0,90,7,W,15,1019.6
2015-06-2,12.1,20.9,5.2,2.8,5.7,WNW,50,16:47,17.4,68,1,WNW,9,1012.8,18.7,71,3,NW,19,1013.2
2015-06-1,6.4,20.9,0,2.6,4.3,NNE,35,12:07,12.6,63,7,ENE,7,1019.0,20.4,31,8,NNE,17,1013.0
2015-05-31,5.2,22.4,0,2.6,9.3,W,17,13:59,12.3,74,2, ,Calm,1024.0,21.3,37,5,W,7,1020.5
2015-05-30,7.8,22.7,0,2.4,9.2,NNE,17,02:05,13.3,63,1,E,7,1026.8,21.3,40,1,SSE,9,1023.6
2015-05-29,4.6,20.5,0,1.4,8.9,ESE,28,09:49,12.4,73,1,E,9,1026.6,20.2,46,1,SSE,7,1023.0
2015-05-28,3.7,18.9,0,3.6,5.4,E,24,14:57,10.0,85,7, ,Calm,1024.5,18.5,46,4,E,9,1022.5
2015-05-27,7.4,18.7,0,2.2,7.8,SSE,31,14:30,12.9,82,3,SW,4,1024.1,17.6,48,1,SSE,17,1021.0
2015-05-26,8.6,20.2,0,2.0,6.3,SSW,22,12:39,14.2,79,1,WSW,9,1023.8,19.2,61,5,SSE,9,1022.4
2015-05-25,9.8,22.1,0,1.0,8.5,SW,28,16:02,16.0,63,1,SSW,6,1022.3,21.1,44,1,SW,9,1020.5
2015-05-24,8.2,20.4,0,1.8,4.8,SSE,15,11:19,14.3,87,5,SSE,6,1022.6,19.7,57,4,SSW,9,1020.2
2015-05-23,6.6,22.2,0,3.0,6.3,SW,28,14:12,13.1,78,1,E,6,1019.2,20.4,66,7,SW,11,1018.0
2015-05-22,8.6,22.4,0,3.4,9.2,NE,22,10:30,15.3,63,6,ENE,6,1020.3,21.4,43,6,ENE,2,1016.7
2015-05-21,9.6,19.2,0,3.4,7.2,ENE,30,10:45,11.6,60,5,ENE,9,1027.4,18.7,42,6,ENE,13,1023.2
2015-05-20,8.6,17.2,0,1.2,9.3,ENE,35,11:46,11.5,72,1,ESE,9,1030.2,16.7,47,1,ENE,13,1027.4
2015-05-19,7.5,17.5,0,2.6,4.2,SE,30,09:17,12.0,76,4,SSE,15,1025.2,15.4,69,6,E,15,1024.6
2015-05-18,14.0,19.6,42.8,0.6,5.7,SW,28,15:38,16.6,92,6,SSW,4,1015.2,19.3,64,3,SW,13,1016.2
2015-05-17,11.9,19.0,32.0,3.4,1.5,NW,52,14:25,15.3,84,7,N,15,1005.9,16.4,88,8,NW,20,1002.8
2015-05-16,12.6,15.8,4.0,7.4,1.6,NE,63,13:00,13.3,90,8, ,Calm,1015.2,14.4,74,4,N,22,1010.6
2015-05-15,12.0,25.9,0,3.4,4.7,NNE,43,11:11,19.6,25,7,NNE,19,1023.9,25.8,18,8,NNE,15,1018.8
2015-05-14,13.9,26.1,0,5.8,9.5,NNE,35,10:24,17.7,50,1,NE,17,1027.0,25.6,27,1,ENE,7,1024.0
2015-05-13,12.4,23.5,0,4.8,9.4,NE,39,11:30,16.7,59,1,NE,17,1029.8,23.1,37,0,ENE,15,1025.5
2015-05-12,13.0,23.7,0,4.2,9.4,E,35,10:50,16.1,68,1,E,11,1029.6,23.1,43,1,E,11,1026.2
2015-05-11,9.3,25.0,0,3.2,8.2,E,26,09:22,17.4,73,1,E,9,1028.3,24.6,41,2,ENE,4,1025.3
2015-05-10,7.8,23.8,0,2.6,9.5,ESE,24,09:12,16.7,69,0,E,6,1029.4,23.4,43,0,SE,9,1026.1
2015-05-9,7.9,23.4,0,2.0,7.7,SW,26,15:48,15.7,78,1, ,Calm,1028.7,21.7,53,3,SW,15,1026.2
2015-05-8,6.6,22.6,0,2.4,9.7,SSW,24,15:41,14.8,66,0,S,2,1028.2,21.9,41,1,SW,11,1025.2
2015-05-7,6.8,23.1,0,4.0,9.8,SSW,24,15:22,14.9,69,0,ENE,7,1030.9,22.9,33,1,SSE,4,1027.2
2015-05-6,5.1,21.4,0,2.6,9.8,SW,22,14:15,14.0,74,1,E,7,1030.3,20.9,44,2,SSE,7,1026.9
2015-05-5,4.4,20.1,0,2.8,9.8,SSE,30,11:57,13.1,70,1, ,Calm,1029.5,18.6,49,2,S,11,1026.1
2015-05-4,8.9,17.2,5.0,4.6,7.9,SW,59,00:51,11.0,82,7,SSE,15,1023.0,16.1,55,4,SSW,17,1023.8
2015-05-3,8.9,23.0,0,4.0,9.0,WSW,54,22:47,17.0,59,3,NNE,2,1014.0,21.6,51,4,WNW,17,1011.7
2015-05-2,11.2,21.8,0,4.0,8.0,SSW,24,20:48,15.8,58,2,ESE,7,1017.5,20.8,45,4,SW,9,1013.9
2015-05-1,14.2,22.3,0,4.0,9.6,SSW,37,01:40,17.3,56,2,SE,11,1020.6,21.9,37,1,S,13,1016.7
2015-04-30,16.6,26.6,0.4,2.0,3.8,NW,31,11:00,20.5,55,7,NE,9,1013.7,24.3,74,7,NW,15,1012.9
2015-04-29,13.6,24.9,0,3.6,1.3,NNE,20,09:44,20.3,39,7,NE,11,1019.8,23.4,44,7,N,9,1016.6
2015-04-28,14.8,25.4,0,6.0,4.8,NE,35,08:52,19.5,41,3,NE,20,1022.6,24.6,31,7,N,9,1020.4
2015-04-27,10.0,25.7,0,5.6,10.1,ENE,37,10:07,18.2,45,0,NE,13,1025.7,25.2,27,0,ENE,13,1022.1
2015-04-26,11.3,24.9,0,5.6,10.2,NE,30,11:57,17.0,50,0,E,9,1026.1,24.6,29,0,E,11,1022.4
2015-04-25,11.9,23.2,0,5.4,10.2,E,33,12:55,16.0,55,5,ENE,11,1027.1,22.1,31,3,ENE,13,1022.7
2015-04-24,11.3,21.6,0,5.2,8.2,E,35,11:32,15.0,54,5,E,13,1029.0,20.5,35,6,E,13,1025.0
2015-04-23,10.3,26.0,0,3.0,10.4,SE,35,22:41,19.1,59,0,ESE,9,1023.4,25.0,39,1,SE,15,1021.8
2015-04-22,8.9,27.1,0,6.2,10.5,WSW,24,16:11,19.3,46,0,SSE,4,1021.2,25.5,44,1,WSW,13,1018.5
2015-04-21,9.7,28.2,0,5.6,10.6,SW,24,15:44,19.7,42,0,E,7,1022.5,27.6,28,0,SSW,9,1018.8
2015-04-20,12.4,28.1,0,5.4,10.5,NE,26,09:17,20.0,56,0,NE,15,1026.0,27.3,31,0,E,9,1021.7
2015-04-19,14.3,28.2,0,5.0,10.3,NE,35,09:00,20.1,52,0,ENE,19,1026.8,27.8,29,0,NE,15,1023.3
2015-04-18,9.3,27.1,0,5.0,10.6,ESE,28,08:49,18.3,61,1,E,11,1024.6,26.4,31,0,ENE,7,1021.4
2015-04-17,9.3,24.2,0,5.2,10.6,SSW,26,15:33,17.2,57,0,ESE,6,1026.1,22.7,49,1,SW,13,1021.4
2015-04-16,12.3,23.2,0,4.0,10.3,SE,30,11:42,16.1,62,1,ENE,11,1031.7,22.3,33,0,SE,15,1026.9
2015-04-15,12.5,22.8,0.2,4.0,10.4,SE,28,14:14,17.5,57,1,E,11,1026.4,22.1,40,1,SE,11,1024.1
2015-04-14,13.6,23.3,0,4.0,3.3,SE,28,21:08,17.0,82,7,NNE,7,1017.0,21.6,55,7,WSW,11,1015.7
2015-04-13,12.1,23.4,1.0,2.8,10.2,WSW,26,16:02,18.2,78,1,SSW,6,1016.6,22.7,59,4,SW,11,1013.5
2015-04-12,16.6,22.2,14.8,4.0,7.4,WSW,39,07:09,18.4,88,7,SSW,9,1015.4,20.9,61,4,SW,17,1014.1
2015-04-11,16.9,23.5,0.6,3.6,8.4,WSW,43,13:29,21.6,66,3,W,15,1013.8,22.3,63,4,WSW,22,1012.5
2015-04-10,19.1,24.1,12.4,2.0,4.8,NW,46,05:43,22.5,90,7,NW,9,1009.4,22.3,75,7,WSW,13,1010.7
2015-04-9,17.6,24.5,3.2,1.0,0.0,NE,24,13:08,19.2,97,8,E,7,1015.4,21.2,91,8,NE,11,1012.3
2015-04-8,16.3,24.7,12.4,1.2,0.0,NE,26,00:01,17.6,94,8,NE,13,1015.2,24.0,77,8,W,9,1013.6
2015-04-7,14.5,20.7,9.0,5.0,0.0,NE,39,11:52,16.9,89,8,ENE,15,1018.9,20.2,66,8,NE,22,1016.4
2015-04-6,16.8,24.9,0,8.2,0.6,E,41,06:30,18.6,63,8,E,15,1021.3,24.8,42,8,ENE,17,1017.3
2015-04-5,17.3,30.4,0,6.0,10.2,ESE,35,21:02,21.4,59,1,E,13,1020.9,29.4,32,7,ESE,13,1017.8
2015-04-4,14.0,28.7,0,4.4,2.5,SW,22,14:00,21.5,51,7,ENE,7,1018.0,28.2,40,7,SSW,9,1015.7
2015-04-3,12.9,29.2,0,6.2,10.8,SSW,31,17:24,22.1,56,1,E,4,1018.3,27.0,40,2,SW,19,1014.9
2015-04-2,14.7,27.7,0,7.6,10.7,E,28,03:46,18.8,59,1,NE,20,1021.9,25.6,38,2,SE,7,1016.9
2015-04-1,14.3,27.7,0,5.0,9.9,NE,28,16:17,19.2,62,1,SE,9,1023.8,26.6,38,5,ENE,11,1020.1
